Core, 0, 0
Cumulative_Cycles, 0, 7604693             
Cumulative_Instructions, 0, 30000000            
Periodic_Cycles, 0, 2513307             
Periodic_Instructions, 0, 9999998             
EXECUTION_TIME_count, 0,  785408437500
EXECUTION_TIME_total_count, 0, 2376466562500

SIM_HOST_WALL_SECONDS_value, 0,    163.711616
SIM_HOST_WALL_SECONDS_total_value, 0,    163.711616

NODE_CYCLE_count, 0,       2513307
NODE_CYCLE_total_count, 0,       7604693

NODE_INST_COUNT_count, 0,       9999998
NODE_INST_COUNT_total_count, 0,      30000078

NODE_INST_COUNT_FETCHED_count, 0,       9999998
NODE_INST_COUNT_FETCHED_total_count, 0,      30000000

NODE_UOP_COUNT_count, 0,      11696961
NODE_UOP_COUNT_total_count, 0,      35088741

EXEC_STAGE_NO_ISSUE_STALL_CYCLE_count, 0,       2179249
EXEC_STAGE_NO_ISSUE_STALL_CYCLE_total_count, 0,       6552876

EXEC_STAGE_NO_ISSUE_STALL_CYCLE_ONPATH_count, 0,       2175018
EXEC_STAGE_NO_ISSUE_STALL_CYCLE_ONPATH_total_count, 0,       6529144

FULL_WINDOW_STALL_count, 0,             0
FULL_WINDOW_STALL_pct, 0,        0.000
FULL_WINDOW_STALL_total_count, 0,          2246
FULL_WINDOW_STALL_total_pct, 0,        0.030

FULL_WINDOW_MEM_OP_count, 401,             0
FULL_WINDOW_MEM_OP_total_count, 401,          1967

FULL_WINDOW_FP_OP_count, 401,             0
FULL_WINDOW_FP_OP_total_count, 401,             0

FULL_WINDOW_OTHER_OP_count, 401,             0
FULL_WINDOW_OTHER_OP_total_count, 401,           208

RET_BLOCKED_DC_MISS_count, 0,        553415
RET_BLOCKED_DC_MISS_pct, 0,       22.019
RET_BLOCKED_DC_MISS_total_count, 0,       1675955
RET_BLOCKED_DC_MISS_total_pct, 0,       22.038

RET_BLOCKED_L1_MISS_count, 0,          2708
RET_BLOCKED_L1_MISS_pct, 0,        0.108
RET_BLOCKED_L1_MISS_total_count, 0,         21769
RET_BLOCKED_L1_MISS_total_pct, 0,        0.286

RET_BLOCKED_L1_MISS_BW_PREF_count, 0,          2651
RET_BLOCKED_L1_MISS_BW_PREF_pct, 0,        0.105
RET_BLOCKED_L1_MISS_BW_PREF_total_count, 0,         12140
RET_BLOCKED_L1_MISS_BW_PREF_total_pct, 0,        0.160

RET_BLOCKED_L1_ACCESS_count, 0,        553415
RET_BLOCKED_L1_ACCESS_pct, 0,       22.019
RET_BLOCKED_L1_ACCESS_total_count, 0,       1666018
RET_BLOCKED_L1_ACCESS_total_pct, 0,       21.908

RET_BLOCKED_MEM_STALL_count, 0,          7519
RET_BLOCKED_MEM_STALL_pct, 0,        0.299
RET_BLOCKED_MEM_STALL_total_count, 0,         39584
RET_BLOCKED_MEM_STALL_total_pct, 0,        0.521

RET_BLOCKED_OFFCHIP_DEMAND_count, 0,             0
RET_BLOCKED_OFFCHIP_DEMAND_pct, 0,        0.000
RET_BLOCKED_OFFCHIP_DEMAND_total_count, 0,             0
RET_BLOCKED_OFFCHIP_DEMAND_total_pct, 0,        0.000

OP_ISSUED_count, 0,      10940488
OP_ISSUED_total_count, 0,      32858847

OP_RETIRED_count, 0,      11696961
OP_RETIRED_total_count, 0,      35088741

OP_MACRO_FUSION_ONPATH_count, 0,       1476459
OP_MACRO_FUSION_ONPATH_total_count, 0,       4432785

OP_MACRO_FUSION_OFFPATH_count, 0,          4310
OP_MACRO_FUSION_OFFPATH_total_count, 0,         20032

REPLAY_SIGNALED_count, 0,             0
REPLAY_SIGNALED_total_count, 0,             0

REPLAY_COUNTED_count, 0,             0
REPLAY_COUNTED_total_count, 0,             0

OFF_CRITICAL_PATH_count, 402,             0
OFF_CRITICAL_PATH_total_count, 402,             0

ON_CRITICAL_PATH_count, 402,             0
ON_CRITICAL_PATH_total_count, 402,             0

LD_NO_DEPENDENTS_count, 403,        249763
LD_NO_DEPENDENTS_total_count, 403,        748751

LD_DEPENDENTS_count, 403,       1673538
LD_DEPENDENTS_total_count, 403,       5020831

LD_EXEC_CYCLES_0_count, 404,             0
LD_EXEC_CYCLES_0_total_count, 404,             0

LD_EXEC_CYCLES_1_count, 404,             0
LD_EXEC_CYCLES_1_total_count, 404,             0

LD_EXEC_CYCLES_2_count, 404,             0
LD_EXEC_CYCLES_2_total_count, 404,             0

LD_EXEC_CYCLES_3_count, 404,             0
LD_EXEC_CYCLES_3_total_count, 404,             4

LD_EXEC_CYCLES_4_count, 404,             0
LD_EXEC_CYCLES_4_total_count, 404,             2

ICACHE_STAGE_STARVED_count, 405,          2256
ICACHE_STAGE_STARVED_total_count, 405,         35235

ICACHE_STAGE_NOT_STARVED_count, 405,       2491178
ICACHE_STAGE_NOT_STARVED_total_count, 405,       7474738

ICACHE_STAGE_STALLED_count, 406,        888468
ICACHE_STAGE_STALLED_total_count, 406,       2667043

ICACHE_STAGE_NOT_STALLED_count, 406,       1604966
ICACHE_STAGE_NOT_STALLED_total_count, 406,       4842930

ICACHE_STAGE_OFF_PATH_count, 406,         19873
ICACHE_STAGE_OFF_PATH_total_count, 406,         94720

DECODE_STAGE_STARVED_count, 407,       2509331
DECODE_STAGE_STARVED_total_count, 407,       7568129

DECODE_STAGE_NOT_STARVED_count, 407,           876
DECODE_STAGE_NOT_STARVED_total_count, 407,          5773

DECODE_STAGE_STALLED_count, 408,             2
DECODE_STAGE_STALLED_total_count, 408,           234

DECODE_STAGE_NOT_STALLED_count, 408,       2510205
DECODE_STAGE_NOT_STALLED_total_count, 408,       7573668

DECODE_STAGE_OFF_PATH_count, 408,          3100
DECODE_STAGE_OFF_PATH_total_count, 408,         30791

UOPQ_STAGE_STARVED_count, 409,         13460
UOPQ_STAGE_STARVED_total_count, 409,         91138

UOPQ_STAGE_NOT_STARVED_count, 409,       1596735
UOPQ_STAGE_NOT_STARVED_total_count, 409,       4785860

UOPQ_STAGE_STALLED_count, 410,        887268
UOPQ_STAGE_STALLED_total_count, 410,       2661959

UOPQ_STAGE_NOT_STALLED_count, 410,       1610195
UOPQ_STAGE_NOT_STALLED_total_count, 410,       4876998

UOPQ_STAGE_OFF_PATH_count, 410,         15844
UOPQ_STAGE_OFF_PATH_total_count, 410,         65736

RS_OP_READY_NOT_ISSUED_TOTAL_count, 0,       8115194
RS_OP_READY_NOT_ISSUED_TOTAL_total_count, 0,      24465705

RS_0_OP_READY_NOT_ISSUED_count, 0,       7078378
RS_0_OP_READY_NOT_ISSUED_total_count, 0,      21349591

RS_1_OP_READY_NOT_ISSUED_count, 0,         21332
RS_1_OP_READY_NOT_ISSUED_total_count, 0,         67400

RS_2_OP_READY_NOT_ISSUED_count, 0,       1015484
RS_2_OP_READY_NOT_ISSUED_total_count, 0,       3048714

RS_3_OP_READY_NOT_ISSUED_count, 0,             0
RS_3_OP_READY_NOT_ISSUED_total_count, 0,             0

RS_4_OP_READY_NOT_ISSUED_count, 0,             0
RS_4_OP_READY_NOT_ISSUED_total_count, 0,             0

RS_5_OP_READY_NOT_ISSUED_count, 0,             0
RS_5_OP_READY_NOT_ISSUED_total_count, 0,             0

RS_6_OP_READY_NOT_ISSUED_count, 0,             0
RS_6_OP_READY_NOT_ISSUED_total_count, 0,             0

RS_7_OP_READY_NOT_ISSUED_count, 0,             0
RS_7_OP_READY_NOT_ISSUED_total_count, 0,             0

RS_7_PLUS_OP_READY_NOT_ISSUED_count, 0,             0
RS_7_PLUS_OP_READY_NOT_ISSUED_total_count, 0,             0

FU_IDLE_NO_READY_OPS_TOTAL_count, 0,       8480621
FU_IDLE_NO_READY_OPS_TOTAL_total_count, 0,      25984107

FU_0_IDLE_NO_READY_OPS_count, 0,        325632
FU_0_IDLE_NO_READY_OPS_total_count, 0,       1025947

FU_1_IDLE_NO_READY_OPS_count, 0,        397004
FU_1_IDLE_NO_READY_OPS_total_count, 0,       1252223

FU_2_IDLE_NO_READY_OPS_count, 0,       1382663
FU_2_IDLE_NO_READY_OPS_total_count, 0,       4208752

FU_3_IDLE_NO_READY_OPS_count, 0,       1378103
FU_3_IDLE_NO_READY_OPS_total_count, 0,       4200898

FU_4_IDLE_NO_READY_OPS_count, 0,        412810
FU_4_IDLE_NO_READY_OPS_total_count, 0,       1287334

FU_5_IDLE_NO_READY_OPS_count, 0,        320313
FU_5_IDLE_NO_READY_OPS_total_count, 0,       1004743

FU_6_IDLE_NO_READY_OPS_count, 0,       1233890
FU_6_IDLE_NO_READY_OPS_total_count, 0,       3754229

FU_7_IDLE_NO_READY_OPS_count, 0,       1228580
FU_7_IDLE_NO_READY_OPS_total_count, 0,       3759492

FU_8_IDLE_NO_READY_OPS_count, 0,        416344
FU_8_IDLE_NO_READY_OPS_total_count, 0,       1289739

FU_9_IDLE_NO_READY_OPS_count, 0,       1385282
FU_9_IDLE_NO_READY_OPS_total_count, 0,       4200750

FU_10_IDLE_NO_READY_OPS_count, 0,             0
FU_10_IDLE_NO_READY_OPS_total_count, 0,             0

FU_11_IDLE_NO_READY_OPS_count, 0,             0
FU_11_IDLE_NO_READY_OPS_total_count, 0,             0

FU_12_IDLE_NO_READY_OPS_count, 0,             0
FU_12_IDLE_NO_READY_OPS_total_count, 0,             0

FU_13_IDLE_NO_READY_OPS_count, 0,             0
FU_13_IDLE_NO_READY_OPS_total_count, 0,             0

FU_14_IDLE_NO_READY_OPS_count, 0,             0
FU_14_IDLE_NO_READY_OPS_total_count, 0,             0

FU_15_IDLE_NO_READY_OPS_count, 0,             0
FU_15_IDLE_NO_READY_OPS_total_count, 0,             0

FU_16_IDLE_NO_READY_OPS_count, 0,             0
FU_16_IDLE_NO_READY_OPS_total_count, 0,             0

FU_17_IDLE_NO_READY_OPS_count, 0,             0
FU_17_IDLE_NO_READY_OPS_total_count, 0,             0

FU_18_IDLE_NO_READY_OPS_count, 0,             0
FU_18_IDLE_NO_READY_OPS_total_count, 0,             0

FU_19_IDLE_NO_READY_OPS_count, 0,             0
FU_19_IDLE_NO_READY_OPS_total_count, 0,             0

FU_20_IDLE_NO_READY_OPS_count, 0,             0
FU_20_IDLE_NO_READY_OPS_total_count, 0,             0

FU_21_IDLE_NO_READY_OPS_count, 0,             0
FU_21_IDLE_NO_READY_OPS_total_count, 0,             0

FU_22_IDLE_NO_READY_OPS_count, 0,             0
FU_22_IDLE_NO_READY_OPS_total_count, 0,             0

FU_23_IDLE_NO_READY_OPS_count, 0,             0
FU_23_IDLE_NO_READY_OPS_total_count, 0,             0

FU_24_IDLE_NO_READY_OPS_count, 0,             0
FU_24_IDLE_NO_READY_OPS_total_count, 0,             0

FU_25_IDLE_NO_READY_OPS_count, 0,             0
FU_25_IDLE_NO_READY_OPS_total_count, 0,             0

FU_26_IDLE_NO_READY_OPS_count, 0,             0
FU_26_IDLE_NO_READY_OPS_total_count, 0,             0

FU_27_IDLE_NO_READY_OPS_count, 0,             0
FU_27_IDLE_NO_READY_OPS_total_count, 0,             0

FU_28_IDLE_NO_READY_OPS_count, 0,             0
FU_28_IDLE_NO_READY_OPS_total_count, 0,             0

FU_29_IDLE_NO_READY_OPS_count, 0,             0
FU_29_IDLE_NO_READY_OPS_total_count, 0,             0

FU_30_IDLE_NO_READY_OPS_count, 0,             0
FU_30_IDLE_NO_READY_OPS_total_count, 0,             0

FU_31_IDLE_NO_READY_OPS_count, 0,             0
FU_31_IDLE_NO_READY_OPS_total_count, 0,             0

FU_31_PLUS_IDLE_NO_READY_OPS_count, 0,             0
FU_31_PLUS_IDLE_NO_READY_OPS_total_count, 0,             0

MAP_STAGE_STARVED_count, 411,          2697
MAP_STAGE_STARVED_total_count, 411,         43949

MAP_STAGE_NOT_STARVED_count, 411,       1950043
MAP_STAGE_NOT_STARVED_total_count, 411,       5852101

MAP_STAGE_STALLED_count, 412,             0
MAP_STAGE_STALLED_total_count, 412,             0

MAP_STAGE_NOT_STALLED_count, 412,       1952740
MAP_STAGE_NOT_STALLED_total_count, 412,       5896050

MAP_STAGE_OFF_PATH_count, 412,          6536
MAP_STAGE_OFF_PATH_total_count, 412,         38768

MAP_STAGE_STALL_ITSELF_count, 413,        554031
MAP_STAGE_STALL_ITSELF_total_count, 413,       1669875

MAP_STAGE_NOT_STALL_ITSELF_count, 413,       1959276
MAP_STAGE_NOT_STALL_ITSELF_total_count, 413,       5934818

MAP_STAGE_LATE_ALLOCATE_SEND_BACK_count, 0,             0
MAP_STAGE_LATE_ALLOCATE_SEND_BACK_total_count, 0,             0

MAP_STAGE_RENAME_OP_ONPATH_count, 0,      11696732
MAP_STAGE_RENAME_OP_ONPATH_total_count, 0,      35088741

MAP_STAGE_RENAME_OP_OFFPATH_count, 0,         34641
MAP_STAGE_RENAME_OP_OFFPATH_total_count, 0,        169745

MAP_STAGE_RENAME_INT_REG_ONPATH_count, 0,       9993594
MAP_STAGE_RENAME_INT_REG_ONPATH_total_count, 0,      29978131

MAP_STAGE_RENAME_INT_REG_OFFPATH_count, 0,         28730
MAP_STAGE_RENAME_INT_REG_OFFPATH_total_count, 0,        122066

MAP_STAGE_RENAME_VEC_REG_ONPATH_count, 0,        211270
MAP_STAGE_RENAME_VEC_REG_ONPATH_total_count, 0,        633815

MAP_STAGE_RENAME_VEC_REG_OFFPATH_count, 0,          1613
MAP_STAGE_RENAME_VEC_REG_OFFPATH_total_count, 0,          5050

MAP_STAGE_RENAME_MOVE_ELIM_ONPATH_count, 0,             0
MAP_STAGE_RENAME_MOVE_ELIM_ONPATH_total_count, 0,             0

MAP_STAGE_RENAME_MOVE_ELIM_OFFPATH_count, 0,             0
MAP_STAGE_RENAME_MOVE_ELIM_OFFPATH_total_count, 0,             0

MAP_STAGE_ONPATH_INT_REG_NUM_ALLOC_count, 0,       9993785
MAP_STAGE_ONPATH_INT_REG_NUM_ALLOC_total_count, 0,      29978112

MAP_STAGE_ONPATH_VEC_REG_NUM_ALLOC_count, 0,        211272
MAP_STAGE_ONPATH_VEC_REG_NUM_ALLOC_total_count, 0,        633804

MAP_STAGE_ONPATH_INT_REG_NUM_SHORTLIVE_count, 0,       4032389
MAP_STAGE_ONPATH_INT_REG_NUM_SHORTLIVE_total_count, 0,      12093505

MAP_STAGE_ONPATH_VEC_REG_NUM_SHORTLIVE_count, 0,         74961
MAP_STAGE_ONPATH_VEC_REG_NUM_SHORTLIVE_total_count, 0,        224940

MAP_STAGE_ONPATH_INT_REG_USE_COUNT_0_count, 0,       2165611
MAP_STAGE_ONPATH_INT_REG_USE_COUNT_0_total_count, 0,       6496923

MAP_STAGE_ONPATH_VEC_REG_USE_COUNT_0_count, 0,         75411
MAP_STAGE_ONPATH_VEC_REG_USE_COUNT_0_total_count, 0,        226059

MAP_STAGE_ONPATH_INT_REG_USE_COUNT_1_count, 0,       5314215
MAP_STAGE_ONPATH_INT_REG_USE_COUNT_1_total_count, 0,      15940445

MAP_STAGE_ONPATH_VEC_REG_USE_COUNT_1_count, 0,        120811
MAP_STAGE_ONPATH_VEC_REG_USE_COUNT_1_total_count, 0,        362583

MAP_STAGE_ONPATH_INT_REG_USE_COUNT_2_count, 0,       1681061
MAP_STAGE_ONPATH_INT_REG_USE_COUNT_2_total_count, 0,       5042948

MAP_STAGE_ONPATH_VEC_REG_USE_COUNT_2_count, 0,             0
MAP_STAGE_ONPATH_VEC_REG_USE_COUNT_2_total_count, 0,            34

MAP_STAGE_ONPATH_INT_REG_USE_COUNT_3_count, 0,        355601
MAP_STAGE_ONPATH_INT_REG_USE_COUNT_3_total_count, 0,       1066742

MAP_STAGE_ONPATH_VEC_REG_USE_COUNT_3_count, 0,             0
MAP_STAGE_ONPATH_VEC_REG_USE_COUNT_3_total_count, 0,             2

MAP_STAGE_ONPATH_INT_REG_USE_COUNT_4_count, 0,        159269
MAP_STAGE_ONPATH_INT_REG_USE_COUNT_4_total_count, 0,        477858

MAP_STAGE_ONPATH_VEC_REG_USE_COUNT_4_count, 0,         15050
MAP_STAGE_ONPATH_VEC_REG_USE_COUNT_4_total_count, 0,         45123

MAP_STAGE_ONPATH_INT_REG_USE_COUNT_5_count, 0,        120929
MAP_STAGE_ONPATH_INT_REG_USE_COUNT_5_total_count, 0,        362407

MAP_STAGE_ONPATH_VEC_REG_USE_COUNT_5_count, 0,             0
MAP_STAGE_ONPATH_VEC_REG_USE_COUNT_5_total_count, 0,             1

MAP_STAGE_ONPATH_INT_REG_USE_COUNT_6_count, 0,         75805
MAP_STAGE_ONPATH_INT_REG_USE_COUNT_6_total_count, 0,        227054

MAP_STAGE_ONPATH_VEC_REG_USE_COUNT_6_count, 0,             0
MAP_STAGE_ONPATH_VEC_REG_USE_COUNT_6_total_count, 0,             0

MAP_STAGE_ONPATH_INT_REG_USE_COUNT_7_PLUS_count, 0,        121294
MAP_STAGE_ONPATH_INT_REG_USE_COUNT_7_PLUS_total_count, 0,        363735

MAP_STAGE_ONPATH_VEC_REG_USE_COUNT_7_PLUS_count, 0,             0
MAP_STAGE_ONPATH_VEC_REG_USE_COUNT_7_PLUS_total_count, 0,             2

MAP_STAGE_ONPATH_INT_REG_CONSUME_DIST_0_count, 0,             0
MAP_STAGE_ONPATH_INT_REG_CONSUME_DIST_0_pct, 0,        0.000
MAP_STAGE_ONPATH_INT_REG_CONSUME_DIST_0_total_count, 0,             0
MAP_STAGE_ONPATH_INT_REG_CONSUME_DIST_0_total_pct, 0,        0.000

MAP_STAGE_ONPATH_VEC_REG_CONSUME_DIST_0_count, 0,             0
MAP_STAGE_ONPATH_VEC_REG_CONSUME_DIST_0_pct, 0,        0.000
MAP_STAGE_ONPATH_VEC_REG_CONSUME_DIST_0_total_count, 0,             0
MAP_STAGE_ONPATH_VEC_REG_CONSUME_DIST_0_total_pct, 0,        0.000

MAP_STAGE_ONPATH_INT_REG_CONSUME_DIST_1_count, 0,             0
MAP_STAGE_ONPATH_INT_REG_CONSUME_DIST_1_pct, 0,        0.000
MAP_STAGE_ONPATH_INT_REG_CONSUME_DIST_1_total_count, 0,             0
MAP_STAGE_ONPATH_INT_REG_CONSUME_DIST_1_total_pct, 0,        0.000

MAP_STAGE_ONPATH_VEC_REG_CONSUME_DIST_1_count, 0,             0
MAP_STAGE_ONPATH_VEC_REG_CONSUME_DIST_1_pct, 0,        0.000
MAP_STAGE_ONPATH_VEC_REG_CONSUME_DIST_1_total_count, 0,             0
MAP_STAGE_ONPATH_VEC_REG_CONSUME_DIST_1_total_pct, 0,        0.000

MAP_STAGE_ONPATH_INT_REG_CONSUME_DIST_2_count, 0,       4366725
MAP_STAGE_ONPATH_INT_REG_CONSUME_DIST_2_pct, 0,        2.598
MAP_STAGE_ONPATH_INT_REG_CONSUME_DIST_2_total_count, 0,      13232260
MAP_STAGE_ONPATH_INT_REG_CONSUME_DIST_2_total_pct, 0,        2.624

MAP_STAGE_ONPATH_VEC_REG_CONSUME_DIST_2_count, 0,             0
MAP_STAGE_ONPATH_VEC_REG_CONSUME_DIST_2_pct, 0,         -nan
MAP_STAGE_ONPATH_VEC_REG_CONSUME_DIST_2_total_count, 0,         26900
MAP_STAGE_ONPATH_VEC_REG_CONSUME_DIST_2_total_pct, 0,      791.176

MAP_STAGE_ONPATH_INT_REG_CONSUME_DIST_3_count, 0,       2020324
MAP_STAGE_ONPATH_INT_REG_CONSUME_DIST_3_pct, 0,        5.681
MAP_STAGE_ONPATH_INT_REG_CONSUME_DIST_3_total_count, 0,       6114201
MAP_STAGE_ONPATH_INT_REG_CONSUME_DIST_3_total_pct, 0,        5.732

MAP_STAGE_ONPATH_VEC_REG_CONSUME_DIST_3_count, 0,             0
MAP_STAGE_ONPATH_VEC_REG_CONSUME_DIST_3_pct, 0,         -nan
MAP_STAGE_ONPATH_VEC_REG_CONSUME_DIST_3_total_count, 0,          4024
MAP_STAGE_ONPATH_VEC_REG_CONSUME_DIST_3_total_pct, 0,     2012.000

MAP_STAGE_ONPATH_INT_REG_CONSUME_DIST_4_count, 0,        959516
MAP_STAGE_ONPATH_INT_REG_CONSUME_DIST_4_pct, 0,        6.024
MAP_STAGE_ONPATH_INT_REG_CONSUME_DIST_4_total_count, 0,       2916364
MAP_STAGE_ONPATH_INT_REG_CONSUME_DIST_4_total_pct, 0,        6.103

MAP_STAGE_ONPATH_VEC_REG_CONSUME_DIST_4_count, 0,         15112
MAP_STAGE_ONPATH_VEC_REG_CONSUME_DIST_4_pct, 0,        1.004
MAP_STAGE_ONPATH_VEC_REG_CONSUME_DIST_4_total_count, 0,         45296
MAP_STAGE_ONPATH_VEC_REG_CONSUME_DIST_4_total_pct, 0,        1.004

MAP_STAGE_ONPATH_INT_REG_CONSUME_DIST_5_count, 0,       3159071
MAP_STAGE_ONPATH_INT_REG_CONSUME_DIST_5_pct, 0,       26.123
MAP_STAGE_ONPATH_INT_REG_CONSUME_DIST_5_total_count, 0,       9488670
MAP_STAGE_ONPATH_INT_REG_CONSUME_DIST_5_total_pct, 0,       26.182

MAP_STAGE_ONPATH_VEC_REG_CONSUME_DIST_5_count, 0,             0
MAP_STAGE_ONPATH_VEC_REG_CONSUME_DIST_5_pct, 0,         -nan
MAP_STAGE_ONPATH_VEC_REG_CONSUME_DIST_5_total_count, 0,             3
MAP_STAGE_ONPATH_VEC_REG_CONSUME_DIST_5_total_pct, 0,        3.000

MAP_STAGE_ONPATH_INT_REG_CONSUME_DIST_6_count, 0,        682898
MAP_STAGE_ONPATH_INT_REG_CONSUME_DIST_6_pct, 0,        9.009
MAP_STAGE_ONPATH_INT_REG_CONSUME_DIST_6_total_count, 0,       2062711
MAP_STAGE_ONPATH_INT_REG_CONSUME_DIST_6_total_pct, 0,        9.085

MAP_STAGE_ONPATH_VEC_REG_CONSUME_DIST_6_count, 0,             0
MAP_STAGE_ONPATH_VEC_REG_CONSUME_DIST_6_pct, 0,         -nan
MAP_STAGE_ONPATH_VEC_REG_CONSUME_DIST_6_total_count, 0,             0
MAP_STAGE_ONPATH_VEC_REG_CONSUME_DIST_6_total_pct, 0,         -nan

MAP_STAGE_ONPATH_INT_REG_CONSUME_DIST_7_PLUS_count, 0,       6124120
MAP_STAGE_ONPATH_INT_REG_CONSUME_DIST_7_PLUS_pct, 0,       50.490
MAP_STAGE_ONPATH_INT_REG_CONSUME_DIST_7_PLUS_total_count, 0,      18425131
MAP_STAGE_ONPATH_INT_REG_CONSUME_DIST_7_PLUS_total_pct, 0,       50.655

MAP_STAGE_ONPATH_VEC_REG_CONSUME_DIST_7_PLUS_count, 0,             0
MAP_STAGE_ONPATH_VEC_REG_CONSUME_DIST_7_PLUS_pct, 0,         -nan
MAP_STAGE_ONPATH_VEC_REG_CONSUME_DIST_7_PLUS_total_count, 0,          6639
MAP_STAGE_ONPATH_VEC_REG_CONSUME_DIST_7_PLUS_total_pct, 0,     3319.500

MAP_STAGE_INT_REG_ISSUE_READ_TOTAL_CONSUMED_count, 0,      12984562
MAP_STAGE_INT_REG_ISSUE_READ_TOTAL_CONSUMED_pct, 0,        5.958
MAP_STAGE_INT_REG_ISSUE_READ_TOTAL_CONSUMED_total_count, 0,      38968749
MAP_STAGE_INT_REG_ISSUE_READ_TOTAL_CONSUMED_total_pct, 0,        5.947

MAP_STAGE_VEC_REG_ISSUE_READ_TOTAL_CONSUMED_count, 0,        181251
MAP_STAGE_VEC_REG_ISSUE_READ_TOTAL_CONSUMED_pct, 0,        0.083
MAP_STAGE_VEC_REG_ISSUE_READ_TOTAL_CONSUMED_total_count, 0,        543967
MAP_STAGE_VEC_REG_ISSUE_READ_TOTAL_CONSUMED_total_pct, 0,        0.083

MAP_STAGE_INT_REG_ISSUE_READ_MULTI_CONSUMED_count, 0,       5152647
MAP_STAGE_INT_REG_ISSUE_READ_MULTI_CONSUMED_pct, 0,        2.364
MAP_STAGE_INT_REG_ISSUE_READ_MULTI_CONSUMED_total_count, 0,      15465112
MAP_STAGE_INT_REG_ISSUE_READ_MULTI_CONSUMED_total_pct, 0,        2.360

MAP_STAGE_VEC_REG_ISSUE_READ_MULTI_CONSUMED_count, 0,         45150
MAP_STAGE_VEC_REG_ISSUE_READ_MULTI_CONSUMED_pct, 0,        0.021
MAP_STAGE_VEC_REG_ISSUE_READ_MULTI_CONSUMED_total_count, 0,        135470
MAP_STAGE_VEC_REG_ISSUE_READ_MULTI_CONSUMED_total_pct, 0,        0.021

MAP_STAGE_INT_REG_ISSUE_READ_SAME_CYCLE_CONSUMED_count, 0,       2485129
MAP_STAGE_INT_REG_ISSUE_READ_SAME_CYCLE_CONSUMED_pct, 0,        1.140
MAP_STAGE_INT_REG_ISSUE_READ_SAME_CYCLE_CONSUMED_total_count, 0,       7455570
MAP_STAGE_INT_REG_ISSUE_READ_SAME_CYCLE_CONSUMED_total_pct, 0,        1.138

MAP_STAGE_VEC_REG_ISSUE_READ_SAME_CYCLE_CONSUMED_count, 0,         30038
MAP_STAGE_VEC_REG_ISSUE_READ_SAME_CYCLE_CONSUMED_pct, 0,        0.014
MAP_STAGE_VEC_REG_ISSUE_READ_SAME_CYCLE_CONSUMED_total_count, 0,         90086
MAP_STAGE_VEC_REG_ISSUE_READ_SAME_CYCLE_CONSUMED_total_pct, 0,        0.014

MAP_STAGE_INT_REG_ISSUE_READ_TOTAL_CONSUMED_ONPATH_count, 0,      12975711
MAP_STAGE_INT_REG_ISSUE_READ_TOTAL_CONSUMED_ONPATH_pct, 0,        5.966
MAP_STAGE_INT_REG_ISSUE_READ_TOTAL_CONSUMED_ONPATH_total_count, 0,      38920093
MAP_STAGE_INT_REG_ISSUE_READ_TOTAL_CONSUMED_ONPATH_total_pct, 0,        5.961

MAP_STAGE_VEC_REG_ISSUE_READ_TOTAL_CONSUMED_ONPATH_count, 0,        181010
MAP_STAGE_VEC_REG_ISSUE_READ_TOTAL_CONSUMED_ONPATH_pct, 0,        0.083
MAP_STAGE_VEC_REG_ISSUE_READ_TOTAL_CONSUMED_ONPATH_total_count, 0,        543213
MAP_STAGE_VEC_REG_ISSUE_READ_TOTAL_CONSUMED_ONPATH_total_pct, 0,        0.083

MAP_STAGE_INT_REG_ISSUE_READ_MULTI_CONSUMED_ONPATH_count, 0,       5147599
MAP_STAGE_INT_REG_ISSUE_READ_MULTI_CONSUMED_ONPATH_pct, 0,        2.367
MAP_STAGE_INT_REG_ISSUE_READ_MULTI_CONSUMED_ONPATH_total_count, 0,      15438875
MAP_STAGE_INT_REG_ISSUE_READ_MULTI_CONSUMED_ONPATH_total_pct, 0,        2.365

MAP_STAGE_VEC_REG_ISSUE_READ_MULTI_CONSUMED_ONPATH_count, 0,         45150
MAP_STAGE_VEC_REG_ISSUE_READ_MULTI_CONSUMED_ONPATH_pct, 0,        0.021
MAP_STAGE_VEC_REG_ISSUE_READ_MULTI_CONSUMED_ONPATH_total_count, 0,        135458
MAP_STAGE_VEC_REG_ISSUE_READ_MULTI_CONSUMED_ONPATH_total_pct, 0,        0.021

MAP_STAGE_INT_REG_ISSUE_READ_SAME_CYCLE_CONSUMED_ONPATH_count, 0,       2482849
MAP_STAGE_INT_REG_ISSUE_READ_SAME_CYCLE_CONSUMED_ONPATH_pct, 0,        1.142
MAP_STAGE_INT_REG_ISSUE_READ_SAME_CYCLE_CONSUMED_ONPATH_total_count, 0,       7443543
MAP_STAGE_INT_REG_ISSUE_READ_SAME_CYCLE_CONSUMED_ONPATH_total_pct, 0,        1.140

MAP_STAGE_VEC_REG_ISSUE_READ_SAME_CYCLE_CONSUMED_ONPATH_count, 0,         30038
MAP_STAGE_VEC_REG_ISSUE_READ_SAME_CYCLE_CONSUMED_ONPATH_pct, 0,        0.014
MAP_STAGE_VEC_REG_ISSUE_READ_SAME_CYCLE_CONSUMED_ONPATH_total_count, 0,         90084
MAP_STAGE_VEC_REG_ISSUE_READ_SAME_CYCLE_CONSUMED_ONPATH_total_pct, 0,        0.014

MAP_STAGE_ONPATH_INT_REG_LIFECYCLE_EMPTY_count, 0,     327355520
MAP_STAGE_ONPATH_INT_REG_LIFECYCLE_EMPTY_total_count, 0,     981897387

MAP_STAGE_ONPATH_VEC_REG_LIFECYCLE_EMPTY_count, 0,      12041298
MAP_STAGE_ONPATH_VEC_REG_LIFECYCLE_EMPTY_total_count, 0,      36104252

MAP_STAGE_ONPATH_INT_REG_LIFECYCLE_IN_USE_count, 0,     423874871
MAP_STAGE_ONPATH_INT_REG_LIFECYCLE_IN_USE_total_count, 0,    1272411422

MAP_STAGE_ONPATH_VEC_REG_LIFECYCLE_IN_USE_count, 0,      18634147
MAP_STAGE_ONPATH_VEC_REG_LIFECYCLE_IN_USE_total_count, 0,      55921225

MAP_STAGE_ONPATH_INT_REG_LIFECYCLE_SPEC_RELEASE_count, 0,     581026196
MAP_STAGE_ONPATH_INT_REG_LIFECYCLE_SPEC_RELEASE_total_count, 0,    1744425796

MAP_STAGE_ONPATH_VEC_REG_LIFECYCLE_SPEC_RELEASE_count, 0,      26300495
MAP_STAGE_ONPATH_VEC_REG_LIFECYCLE_SPEC_RELEASE_total_count, 0,      79231046

MAP_STAGE_ONPATH_INT_REG_LIFECYCLE_NONSPEC_RELEASE_count, 0,     581026196
MAP_STAGE_ONPATH_INT_REG_LIFECYCLE_NONSPEC_RELEASE_total_count, 0,    1744425796

MAP_STAGE_ONPATH_VEC_REG_LIFECYCLE_NONSPEC_RELEASE_count, 0,      26300495
MAP_STAGE_ONPATH_VEC_REG_LIFECYCLE_NONSPEC_RELEASE_total_count, 0,      79231046

MAP_STAGE_ONPATH_INT_REG_LIFECYCLE_TOTAL_count, 0,     581026196
MAP_STAGE_ONPATH_INT_REG_LIFECYCLE_TOTAL_total_count, 0,    1744425796

MAP_STAGE_ONPATH_VEC_REG_LIFECYCLE_TOTAL_count, 0,      26300495
MAP_STAGE_ONPATH_VEC_REG_LIFECYCLE_TOTAL_total_count, 0,      79231046

MAP_STAGE_ONPATH_INT_REG_NUM_NONBRANCH_count, 0,       9993785
MAP_STAGE_ONPATH_INT_REG_NUM_NONBRANCH_total_count, 0,      29978112

MAP_STAGE_ONPATH_VEC_REG_NUM_NONBRANCH_count, 0,        211272
MAP_STAGE_ONPATH_VEC_REG_NUM_NONBRANCH_total_count, 0,        633804

MAP_STAGE_ONPATH_INT_REG_NUM_NONEXCEPT_count, 0,       9993785
MAP_STAGE_ONPATH_INT_REG_NUM_NONEXCEPT_total_count, 0,      29978112

MAP_STAGE_ONPATH_VEC_REG_NUM_NONEXCEPT_count, 0,        211272
MAP_STAGE_ONPATH_VEC_REG_NUM_NONEXCEPT_total_count, 0,        633804

MAP_STAGE_ONPATH_INT_REG_NUM_ATOMIC_count, 0,       9993785
MAP_STAGE_ONPATH_INT_REG_NUM_ATOMIC_total_count, 0,      29978112

MAP_STAGE_ONPATH_VEC_REG_NUM_ATOMIC_count, 0,        211272
MAP_STAGE_ONPATH_VEC_REG_NUM_ATOMIC_total_count, 0,        633804

MAP_STAGE_ONPATH_INT_REG_ATOMIC_REDEFINED_DIST_TOTAL_count, 0,     581026196
MAP_STAGE_ONPATH_INT_REG_ATOMIC_REDEFINED_DIST_TOTAL_pct, 0,       58.139
MAP_STAGE_ONPATH_INT_REG_ATOMIC_REDEFINED_DIST_TOTAL_total_count, 0,    1744425796
MAP_STAGE_ONPATH_INT_REG_ATOMIC_REDEFINED_DIST_TOTAL_total_pct, 0,       58.190

MAP_STAGE_ONPATH_VEC_REG_ATOMIC_REDEFINED_DIST_TOTAL_count, 0,      26300495
MAP_STAGE_ONPATH_VEC_REG_ATOMIC_REDEFINED_DIST_TOTAL_pct, 0,      124.486
MAP_STAGE_ONPATH_VEC_REG_ATOMIC_REDEFINED_DIST_TOTAL_total_count, 0,      79231046
MAP_STAGE_ONPATH_VEC_REG_ATOMIC_REDEFINED_DIST_TOTAL_total_pct, 0,      125.009

MAP_STAGE_ONPATH_INT_REG_ATOMIC_CONSUMED_DIST_TOTAL_count, 0,     423874871
MAP_STAGE_ONPATH_INT_REG_ATOMIC_CONSUMED_DIST_TOTAL_pct, 0,       42.414
MAP_STAGE_ONPATH_INT_REG_ATOMIC_CONSUMED_DIST_TOTAL_total_count, 0,    1272411422
MAP_STAGE_ONPATH_INT_REG_ATOMIC_CONSUMED_DIST_TOTAL_total_pct, 0,       42.445

MAP_STAGE_ONPATH_VEC_REG_ATOMIC_CONSUMED_DIST_TOTAL_count, 0,      18634147
MAP_STAGE_ONPATH_VEC_REG_ATOMIC_CONSUMED_DIST_TOTAL_pct, 0,       88.200
MAP_STAGE_ONPATH_VEC_REG_ATOMIC_CONSUMED_DIST_TOTAL_total_count, 0,      55921225
MAP_STAGE_ONPATH_VEC_REG_ATOMIC_CONSUMED_DIST_TOTAL_total_pct, 0,       88.231

MAP_STAGE_ONPATH_INT_REG_ATOMIC_RELEASE_DIST_TOTAL_count, 0,     581026196
MAP_STAGE_ONPATH_INT_REG_ATOMIC_RELEASE_DIST_TOTAL_pct, 0,       58.139
MAP_STAGE_ONPATH_INT_REG_ATOMIC_RELEASE_DIST_TOTAL_total_count, 0,    1744425796
MAP_STAGE_ONPATH_INT_REG_ATOMIC_RELEASE_DIST_TOTAL_total_pct, 0,       58.190

MAP_STAGE_ONPATH_VEC_REG_ATOMIC_RELEASE_DIST_TOTAL_count, 0,      26300495
MAP_STAGE_ONPATH_VEC_REG_ATOMIC_RELEASE_DIST_TOTAL_pct, 0,      124.486
MAP_STAGE_ONPATH_VEC_REG_ATOMIC_RELEASE_DIST_TOTAL_total_count, 0,      79231046
MAP_STAGE_ONPATH_VEC_REG_ATOMIC_RELEASE_DIST_TOTAL_total_pct, 0,      125.009

EXEC_STAGE_STARVED_count, 414,       1886281
EXEC_STAGE_STARVED_total_count, 414,       5700798

EXEC_STAGE_NOT_STARVED_count, 414,        621440
EXEC_STAGE_NOT_STARVED_total_count, 414,       1868555

EXEC_STAGE_OFF_PATH_count, 414,          5586
EXEC_STAGE_OFF_PATH_total_count, 414,         35340

FU_BUSY_0_count, 0,       1932693
FU_BUSY_0_total_count, 0,       5803697

FU_BUSY_1_count, 0,       1752381
FU_BUSY_1_total_count, 0,       5254976

FU_BUSY_2_count, 0,        400654
FU_BUSY_2_total_count, 0,       1201034

FU_BUSY_3_count, 0,        401908
FU_BUSY_3_total_count, 0,       1204666

FU_BUSY_4_count, 0,       1664403
FU_BUSY_4_total_count, 0,       5009661

FU_BUSY_5_count, 0,       1977520
FU_BUSY_5_total_count, 0,       5933682

FU_BUSY_6_count, 0,        696607
FU_BUSY_6_total_count, 0,       2091742

FU_BUSY_7_count, 0,        695857
FU_BUSY_7_total_count, 0,       2089270

FU_BUSY_8_count, 0,       1679072
FU_BUSY_8_total_count, 0,       5055438

FU_BUSY_9_count, 0,        397882
FU_BUSY_9_total_count, 0,       1206241

FU_BUSY_10_count, 0,             0
FU_BUSY_10_total_count, 0,             0

FU_BUSY_11_count, 0,             0
FU_BUSY_11_total_count, 0,             0

FU_BUSY_12_count, 0,             0
FU_BUSY_12_total_count, 0,             0

FU_BUSY_13_count, 0,             0
FU_BUSY_13_total_count, 0,             0

FU_BUSY_14_count, 0,             0
FU_BUSY_14_total_count, 0,             0

FU_BUSY_15_count, 0,             0
FU_BUSY_15_total_count, 0,             0

FU_BUSY_16_count, 0,             0
FU_BUSY_16_total_count, 0,             0

FU_BUSY_17_count, 0,             0
FU_BUSY_17_total_count, 0,             0

FU_BUSY_18_count, 0,             0
FU_BUSY_18_total_count, 0,             0

FU_BUSY_19_count, 0,             0
FU_BUSY_19_total_count, 0,             0

FU_BUSY_20_count, 0,             0
FU_BUSY_20_total_count, 0,             0

FU_BUSY_21_count, 0,             0
FU_BUSY_21_total_count, 0,             0

FU_BUSY_22_count, 0,             0
FU_BUSY_22_total_count, 0,             0

FU_BUSY_23_count, 0,             0
FU_BUSY_23_total_count, 0,             0

FU_BUSY_24_count, 0,             0
FU_BUSY_24_total_count, 0,             0

FU_BUSY_25_count, 0,             0
FU_BUSY_25_total_count, 0,             0

FU_BUSY_26_count, 0,             0
FU_BUSY_26_total_count, 0,             0

FU_BUSY_27_count, 0,             0
FU_BUSY_27_total_count, 0,             0

FU_BUSY_28_count, 0,             0
FU_BUSY_28_total_count, 0,             0

FU_BUSY_29_count, 0,             0
FU_BUSY_29_total_count, 0,             0

FU_BUSY_30_count, 0,             0
FU_BUSY_30_total_count, 0,             0

FU_BUSY_31_count, 0,             0
FU_BUSY_31_total_count, 0,             0

FU_REJECTED_OP_INV_NOT_SIMD_count, 415,             0
FU_REJECTED_OP_INV_NOT_SIMD_total_count, 415,             0

FU_REJECTED_OP_NOP_NOT_SIMD_count, 415,         11091
FU_REJECTED_OP_NOP_NOT_SIMD_total_count, 415,         33387

FU_REJECTED_OP_CF_NOT_SIMD_count, 415,            34
FU_REJECTED_OP_CF_NOT_SIMD_total_count, 415,           145

FU_REJECTED_OP_MOV_NOT_SIMD_count, 415,         89244
FU_REJECTED_OP_MOV_NOT_SIMD_total_count, 415,        266411

FU_REJECTED_OP_CMOV_NOT_SIMD_count, 415,             0
FU_REJECTED_OP_CMOV_NOT_SIMD_total_count, 415,             0

FU_REJECTED_OP_LDA_NOT_SIMD_count, 415,         66025
FU_REJECTED_OP_LDA_NOT_SIMD_total_count, 415,        197657

FU_REJECTED_OP_IMEM_NOT_SIMD_count, 415,         10643
FU_REJECTED_OP_IMEM_NOT_SIMD_total_count, 415,         35251

FU_REJECTED_OP_IADD_NOT_SIMD_count, 415,         30342
FU_REJECTED_OP_IADD_NOT_SIMD_total_count, 415,         95601

FU_REJECTED_OP_IMUL_NOT_SIMD_count, 415,        146133
FU_REJECTED_OP_IMUL_NOT_SIMD_total_count, 415,        437794

FU_REJECTED_OP_IDIV_NOT_SIMD_count, 415,             0
FU_REJECTED_OP_IDIV_NOT_SIMD_total_count, 415,            36

FU_REJECTED_OP_ICMP_NOT_SIMD_count, 415,             0
FU_REJECTED_OP_ICMP_NOT_SIMD_total_count, 415,            11

FU_REJECTED_OP_LOGIC_NOT_SIMD_count, 415,         63344
FU_REJECTED_OP_LOGIC_NOT_SIMD_total_count, 415,        189140

FU_REJECTED_OP_SHIFT_NOT_SIMD_count, 415,        140789
FU_REJECTED_OP_SHIFT_NOT_SIMD_total_count, 415,        423196

FU_REJECTED_OP_FMEM_NOT_SIMD_count, 415,             0
FU_REJECTED_OP_FMEM_NOT_SIMD_total_count, 415,             4

FU_REJECTED_OP_FCVT_NOT_SIMD_count, 415,             0
FU_REJECTED_OP_FCVT_NOT_SIMD_total_count, 415,             0

FU_REJECTED_OP_FADD_NOT_SIMD_count, 415,             0
FU_REJECTED_OP_FADD_NOT_SIMD_total_count, 415,             0

FU_REJECTED_OP_FMUL_NOT_SIMD_count, 415,             0
FU_REJECTED_OP_FMUL_NOT_SIMD_total_count, 415,             0

FU_REJECTED_OP_FMA_NOT_SIMD_count, 415,             0
FU_REJECTED_OP_FMA_NOT_SIMD_total_count, 415,             0

FU_REJECTED_OP_FDIV_NOT_SIMD_count, 415,             0
FU_REJECTED_OP_FDIV_NOT_SIMD_total_count, 415,             0

FU_REJECTED_OP_FCMP_NOT_SIMD_count, 415,             0
FU_REJECTED_OP_FCMP_NOT_SIMD_total_count, 415,             0

FU_REJECTED_OP_FCMOV_NOT_SIMD_count, 415,             0
FU_REJECTED_OP_FCMOV_NOT_SIMD_total_count, 415,             0

FU_REJECTED_OP_GATHER_NOT_SIMD_count, 415,             0
FU_REJECTED_OP_GATHER_NOT_SIMD_total_count, 415,             0

FU_REJECTED_OP_SCATTER_NOT_SIMD_count, 415,             0
FU_REJECTED_OP_SCATTER_NOT_SIMD_total_count, 415,             0

FU_REJECTED_OP_PIPELINED_FAST_NOT_SIMD_count, 415,             0
FU_REJECTED_OP_PIPELINED_FAST_NOT_SIMD_total_count, 415,             0

FU_REJECTED_OP_PIPELINED_MEDIUM_NOT_SIMD_count, 415,             0
FU_REJECTED_OP_PIPELINED_MEDIUM_NOT_SIMD_total_count, 415,             0

FU_REJECTED_OP_PIPELINED_SLOW_NOT_SIMD_count, 415,             0
FU_REJECTED_OP_PIPELINED_SLOW_NOT_SIMD_total_count, 415,             0

FU_REJECTED_OP_NOTPIPELINED_MEDIUM_NOT_SIMD_count, 415,             0
FU_REJECTED_OP_NOTPIPELINED_MEDIUM_NOT_SIMD_total_count, 415,             0

FU_REJECTED_OP_NOTPIPELINED_SLOW_NOT_SIMD_count, 415,             0
FU_REJECTED_OP_NOTPIPELINED_SLOW_NOT_SIMD_total_count, 415,             0

FU_REJECTED_OP_NOTPIPELINED_VERY_SLOW_NOT_SIMD_count, 415,             0
FU_REJECTED_OP_NOTPIPELINED_VERY_SLOW_NOT_SIMD_total_count, 415,             0

FU_REJECTED_OP_INV_SIMD_count, 415,             0
FU_REJECTED_OP_INV_SIMD_total_count, 415,             0

FU_REJECTED_OP_NOP_SIMD_count, 415,             0
FU_REJECTED_OP_NOP_SIMD_total_count, 415,          3433

FU_REJECTED_OP_CF_SIMD_count, 415,             0
FU_REJECTED_OP_CF_SIMD_total_count, 415,             0

FU_REJECTED_OP_MOV_SIMD_count, 415,            12
FU_REJECTED_OP_MOV_SIMD_total_count, 415,            49

FU_REJECTED_OP_CMOV_SIMD_count, 415,             0
FU_REJECTED_OP_CMOV_SIMD_total_count, 415,             0

FU_REJECTED_OP_LDA_SIMD_count, 415,             0
FU_REJECTED_OP_LDA_SIMD_total_count, 415,             0

FU_REJECTED_OP_IMEM_SIMD_count, 415,             0
FU_REJECTED_OP_IMEM_SIMD_total_count, 415,             0

FU_REJECTED_OP_IADD_SIMD_count, 415,             0
FU_REJECTED_OP_IADD_SIMD_total_count, 415,             0

FU_REJECTED_OP_IMUL_SIMD_count, 415,             0
FU_REJECTED_OP_IMUL_SIMD_total_count, 415,             1

FU_REJECTED_OP_IDIV_SIMD_count, 415,             0
FU_REJECTED_OP_IDIV_SIMD_total_count, 415,             0

FU_REJECTED_OP_ICMP_SIMD_count, 415,             0
FU_REJECTED_OP_ICMP_SIMD_total_count, 415,             0

FU_REJECTED_OP_LOGIC_SIMD_count, 415,             0
FU_REJECTED_OP_LOGIC_SIMD_total_count, 415,             0

FU_REJECTED_OP_SHIFT_SIMD_count, 415,             0
FU_REJECTED_OP_SHIFT_SIMD_total_count, 415,             0

FU_REJECTED_OP_FMEM_SIMD_count, 415,             0
FU_REJECTED_OP_FMEM_SIMD_total_count, 415,             0

FU_REJECTED_OP_FCVT_SIMD_count, 415,             0
FU_REJECTED_OP_FCVT_SIMD_total_count, 415,             3

FU_REJECTED_OP_FADD_SIMD_count, 415,             0
FU_REJECTED_OP_FADD_SIMD_total_count, 415,           563

FU_REJECTED_OP_FMUL_SIMD_count, 415,             0
FU_REJECTED_OP_FMUL_SIMD_total_count, 415,             0

FU_REJECTED_OP_FMA_SIMD_count, 415,             0
FU_REJECTED_OP_FMA_SIMD_total_count, 415,             0

FU_REJECTED_OP_FDIV_SIMD_count, 415,             0
FU_REJECTED_OP_FDIV_SIMD_total_count, 415,             0

FU_REJECTED_OP_FCMP_SIMD_count, 415,             0
FU_REJECTED_OP_FCMP_SIMD_total_count, 415,             0

FU_REJECTED_OP_FCMOV_SIMD_count, 415,             0
FU_REJECTED_OP_FCMOV_SIMD_total_count, 415,             0

FU_REJECTED_OP_GATHER_SIMD_count, 415,             0
FU_REJECTED_OP_GATHER_SIMD_total_count, 415,             0

FU_REJECTED_OP_SCATTER_SIMD_count, 415,             0
FU_REJECTED_OP_SCATTER_SIMD_total_count, 415,             0

FU_REJECTED_OP_PIPELINED_FAST_SIMD_count, 415,             0
FU_REJECTED_OP_PIPELINED_FAST_SIMD_total_count, 415,             0

FU_REJECTED_OP_PIPELINED_MEDIUM_SIMD_count, 415,             0
FU_REJECTED_OP_PIPELINED_MEDIUM_SIMD_total_count, 415,             0

FU_REJECTED_OP_PIPELINED_SLOW_SIMD_count, 415,             0
FU_REJECTED_OP_PIPELINED_SLOW_SIMD_total_count, 415,             0

FU_REJECTED_OP_NOTPIPELINED_MEDIUM_SIMD_count, 415,             0
FU_REJECTED_OP_NOTPIPELINED_MEDIUM_SIMD_total_count, 415,             0

FU_REJECTED_OP_NOTPIPELINED_SLOW_SIMD_count, 415,             0
FU_REJECTED_OP_NOTPIPELINED_SLOW_SIMD_total_count, 415,             0

FU_REJECTED_OP_NOTPIPELINED_VERY_SLOW_SIMD_count, 415,             0
FU_REJECTED_OP_NOTPIPELINED_VERY_SLOW_SIMD_total_count, 415,             0

LSQ_FULL_TOTAL_count, 0,             0
LSQ_FULL_TOTAL_total_count, 0,            11

LSQ_FULL_LOAD_QUEUE_count, 0,             0
LSQ_FULL_LOAD_QUEUE_total_count, 0,             0

LSQ_FULL_STORE_QUEUE_count, 0,             0
LSQ_FULL_STORE_QUEUE_total_count, 0,            11

OP_WAIT_0_count, 0,       7950372
OP_WAIT_0_total_count, 0,      23845188

OP_WAIT_1_count, 0,       1048039
OP_WAIT_1_total_count, 0,       3147581

OP_WAIT_2_count, 0,        454318
OP_WAIT_2_total_count, 0,       1364976

OP_WAIT_3_count, 0,        297323
OP_WAIT_3_total_count, 0,        888859

OP_WAIT_4_count, 0,        188524
OP_WAIT_4_total_count, 0,        566254

OP_WAIT_5_count, 0,        176390
OP_WAIT_5_total_count, 0,        532506

OP_WAIT_6_count, 0,        123595
OP_WAIT_6_total_count, 0,        370125

OP_WAIT_7_count, 0,         78725
OP_WAIT_7_total_count, 0,        236909

OP_WAIT_8_count, 0,         55904
OP_WAIT_8_total_count, 0,        167204

OP_WAIT_9_count, 0,         50107
OP_WAIT_9_total_count, 0,        150315

OP_WAIT_10_count, 0,         48276
OP_WAIT_10_total_count, 0,        145377

OP_WAIT_11_count, 0,         62353
OP_WAIT_11_total_count, 0,        186014

OP_WAIT_12_count, 0,         44427
OP_WAIT_12_total_count, 0,        132736

OP_WAIT_13_count, 0,         47329
OP_WAIT_13_total_count, 0,        142529

OP_WAIT_14_count, 0,         50806
OP_WAIT_14_total_count, 0,        151700

OP_WAIT_15_count, 0,         34626
OP_WAIT_15_total_count, 0,        103728

OP_WAIT_16_count, 0,         15687
OP_WAIT_16_total_count, 0,         47285

OP_WAIT_17_count, 0,         24799
OP_WAIT_17_total_count, 0,         73777

OP_WAIT_18_count, 0,         17181
OP_WAIT_18_total_count, 0,         51405

OP_WAIT_19_count, 0,          6817
OP_WAIT_19_total_count, 0,         20755

OP_WAIT_20_count, 0,         10139
OP_WAIT_20_total_count, 0,         30128

OP_WAIT_21_count, 0,         17927
OP_WAIT_21_total_count, 0,         54034

OP_WAIT_22_count, 0,         20509
OP_WAIT_22_total_count, 0,         60978

OP_WAIT_23_count, 0,           573
OP_WAIT_23_total_count, 0,          1746

OP_WAIT_24_count, 0,            77
OP_WAIT_24_total_count, 0,           206

OP_WAIT_25_count, 0,            75
OP_WAIT_25_total_count, 0,           197

OP_WAIT_26_count, 0,            85
OP_WAIT_26_total_count, 0,           243

OP_WAIT_27_count, 0,         12530
OP_WAIT_27_total_count, 0,         37528

OP_WAIT_28_count, 0,         10530
OP_WAIT_28_total_count, 0,         31574

OP_WAIT_29_count, 0,          3677
OP_WAIT_29_total_count, 0,         11011

OP_WAIT_30_count, 0,         15973
OP_WAIT_30_total_count, 0,         47859

OP_WAIT_31_count, 0,        829268
OP_WAIT_31_total_count, 0,       2488014

ROW_SIZE_0_count, 0,        771132
ROW_SIZE_0_total_count, 0,       2344398

ROW_SIZE_1_count, 0,        200890
ROW_SIZE_1_total_count, 0,        606983

ROW_SIZE_2_count, 0,         30215
ROW_SIZE_2_total_count, 0,         92253

ROW_SIZE_3_count, 0,         45077
ROW_SIZE_3_total_count, 0,        135580

ROW_SIZE_4_count, 0,         45813
ROW_SIZE_4_total_count, 0,        138025

ROW_SIZE_5_count, 0,         37282
ROW_SIZE_5_total_count, 0,        112367

ROW_SIZE_6_count, 0,         41326
ROW_SIZE_6_total_count, 0,        123733

ROW_SIZE_7_count, 0,         43760
ROW_SIZE_7_total_count, 0,        131653

ROW_SIZE_8_count, 0,       1297059
ROW_SIZE_8_total_count, 0,       3889076

ROW_SIZE_9_count, 0,             0
ROW_SIZE_9_total_count, 0,             0

ROW_SIZE_10_count, 0,             0
ROW_SIZE_10_total_count, 0,             0

ROW_SIZE_11_count, 0,             0
ROW_SIZE_11_total_count, 0,             0

ROW_SIZE_12_count, 0,             0
ROW_SIZE_12_total_count, 0,             0

ROW_SIZE_13_count, 0,             0
ROW_SIZE_13_total_count, 0,             0

ROW_SIZE_14_count, 0,             0
ROW_SIZE_14_total_count, 0,             0

ROW_SIZE_15_count, 0,             0
ROW_SIZE_15_total_count, 0,             0

ROW_SIZE_16_count, 0,             0
ROW_SIZE_16_total_count, 0,             0

ROW_SIZE_17_count, 0,             0
ROW_SIZE_17_total_count, 0,             0

ROW_SIZE_18_count, 0,             0
ROW_SIZE_18_total_count, 0,             0

ROW_SIZE_19_count, 0,             0
ROW_SIZE_19_total_count, 0,             0

ROW_SIZE_20_count, 0,             0
ROW_SIZE_20_total_count, 0,             0

ROW_SIZE_21_count, 0,             0
ROW_SIZE_21_total_count, 0,             0

ROW_SIZE_22_count, 0,             0
ROW_SIZE_22_total_count, 0,             0

ROW_SIZE_23_count, 0,             0
ROW_SIZE_23_total_count, 0,             0

ROW_SIZE_24_count, 0,             0
ROW_SIZE_24_total_count, 0,             0

ROW_SIZE_25_count, 0,             0
ROW_SIZE_25_total_count, 0,             0

ROW_SIZE_26_count, 0,             0
ROW_SIZE_26_total_count, 0,             0

ROW_SIZE_27_count, 0,             0
ROW_SIZE_27_total_count, 0,             0

ROW_SIZE_28_count, 0,             0
ROW_SIZE_28_total_count, 0,             0

ROW_SIZE_29_count, 0,             0
ROW_SIZE_29_total_count, 0,             0

ROW_SIZE_30_count, 0,             0
ROW_SIZE_30_total_count, 0,             0

ROW_SIZE_31_count, 0,             0
ROW_SIZE_31_total_count, 0,             0

RET_OP_EXEC_COUNT_0_count, 416,        764701
RET_OP_EXEC_COUNT_0_total_count, 416,       2294276

RET_OP_EXEC_COUNT_1_count, 416,      10932260
RET_OP_EXEC_COUNT_1_total_count, 416,      32794465

RET_OP_EXEC_COUNT_2_count, 416,             0
RET_OP_EXEC_COUNT_2_total_count, 416,             0

RET_OP_EXEC_COUNT_3_count, 416,             0
RET_OP_EXEC_COUNT_3_total_count, 416,             0

RET_OP_EXEC_COUNT_4_count, 416,             0
RET_OP_EXEC_COUNT_4_total_count, 416,             0

RET_OP_EXEC_COUNT_5_count, 416,             0
RET_OP_EXEC_COUNT_5_total_count, 416,             0

RET_OP_EXEC_COUNT_6_count, 416,             0
RET_OP_EXEC_COUNT_6_total_count, 416,             0

RET_OP_EXEC_COUNT_7_count, 416,             0
RET_OP_EXEC_COUNT_7_total_count, 416,             0

RET_OP_EXEC_COUNT_8_count, 416,             0
RET_OP_EXEC_COUNT_8_total_count, 416,             0

RET_OP_EXEC_COUNT_9_count, 416,             0
RET_OP_EXEC_COUNT_9_total_count, 416,             0

RET_OP_EXEC_COUNT_10_count, 416,             0
RET_OP_EXEC_COUNT_10_total_count, 416,             0

RET_OP_EXEC_COUNT_11_count, 416,             0
RET_OP_EXEC_COUNT_11_total_count, 416,             0

RET_OP_EXEC_COUNT_12_count, 416,             0
RET_OP_EXEC_COUNT_12_total_count, 416,             0

RET_OP_EXEC_COUNT_13_count, 416,             0
RET_OP_EXEC_COUNT_13_total_count, 416,             0

RET_OP_EXEC_COUNT_14_count, 416,             0
RET_OP_EXEC_COUNT_14_total_count, 416,             0

RET_OP_EXEC_COUNT_15_count, 416,             0
RET_OP_EXEC_COUNT_15_total_count, 416,             0

RET_OP_EXEC_COUNT_16_count, 416,             0
RET_OP_EXEC_COUNT_16_total_count, 416,             0

RET_OP_EXEC_COUNT_17_count, 416,             0
RET_OP_EXEC_COUNT_17_total_count, 416,             0

RET_OP_EXEC_COUNT_18_count, 416,             0
RET_OP_EXEC_COUNT_18_total_count, 416,             0

RET_OP_EXEC_COUNT_19_count, 416,             0
RET_OP_EXEC_COUNT_19_total_count, 416,             0

RET_OP_EXEC_COUNT_20_count, 416,             0
RET_OP_EXEC_COUNT_20_total_count, 416,             0

RET_OP_EXEC_COUNT_21_count, 416,             0
RET_OP_EXEC_COUNT_21_total_count, 416,             0

RET_OP_EXEC_COUNT_22_count, 416,             0
RET_OP_EXEC_COUNT_22_total_count, 416,             0

RET_OP_EXEC_COUNT_23_count, 416,             0
RET_OP_EXEC_COUNT_23_total_count, 416,             0

RET_OP_EXEC_COUNT_24_count, 416,             0
RET_OP_EXEC_COUNT_24_total_count, 416,             0

RET_OP_EXEC_COUNT_25_count, 416,             0
RET_OP_EXEC_COUNT_25_total_count, 416,             0

RET_OP_EXEC_COUNT_26_count, 416,             0
RET_OP_EXEC_COUNT_26_total_count, 416,             0

RET_OP_EXEC_COUNT_27_count, 416,             0
RET_OP_EXEC_COUNT_27_total_count, 416,             0

RET_OP_EXEC_COUNT_28_count, 416,             0
RET_OP_EXEC_COUNT_28_total_count, 416,             0

RET_OP_EXEC_COUNT_29_count, 416,             0
RET_OP_EXEC_COUNT_29_total_count, 416,             0

RET_OP_EXEC_COUNT_30_count, 416,             0
RET_OP_EXEC_COUNT_30_total_count, 416,             0

RET_OP_EXEC_COUNT_31_count, 416,             0
RET_OP_EXEC_COUNT_31_total_count, 416,             0

RET_OP_EXEC_COUNT_32_count, 416,             0
RET_OP_EXEC_COUNT_32_total_count, 416,             0

RET_STALL_LENGTH_0_count, 417,      11696952
RET_STALL_LENGTH_0_total_count, 417,      35088603

RET_STALL_LENGTH_100_count, 417,             3
RET_STALL_LENGTH_100_total_count, 417,           101

RET_STALL_LENGTH_200_count, 417,             3
RET_STALL_LENGTH_200_total_count, 417,            23

RET_STALL_LENGTH_300_count, 417,             3
RET_STALL_LENGTH_300_total_count, 417,             9

RET_STALL_LENGTH_400_count, 417,             0
RET_STALL_LENGTH_400_total_count, 417,             2

RET_STALL_LENGTH_500_count, 417,             0
RET_STALL_LENGTH_500_total_count, 417,             2

RET_STALL_LENGTH_600_count, 417,             0
RET_STALL_LENGTH_600_total_count, 417,             0

RET_STALL_LENGTH_700_count, 417,             0
RET_STALL_LENGTH_700_total_count, 417,             0

RET_STALL_LENGTH_800_count, 417,             0
RET_STALL_LENGTH_800_total_count, 417,             0

RET_STALL_LENGTH_900_count, 417,             0
RET_STALL_LENGTH_900_total_count, 417,             0

RET_STALL_LENGTH_1000_count, 417,             0
RET_STALL_LENGTH_1000_total_count, 417,             1

RET_STALL_LENGTH_1100_count, 417,             0
RET_STALL_LENGTH_1100_total_count, 417,             0

RET_STALL_LENGTH_1200_count, 417,             0
RET_STALL_LENGTH_1200_total_count, 417,             0

RET_STALL_LENGTH_1300_count, 417,             0
RET_STALL_LENGTH_1300_total_count, 417,             0

RET_STALL_LENGTH_1400_count, 417,             0
RET_STALL_LENGTH_1400_total_count, 417,             0

RET_STALL_LENGTH_1500_count, 417,             0
RET_STALL_LENGTH_1500_total_count, 417,             0

RET_STALL_LENGTH_1600_count, 417,             0
RET_STALL_LENGTH_1600_total_count, 417,             0

RET_STALL_LENGTH_1700_count, 417,             0
RET_STALL_LENGTH_1700_total_count, 417,             0

RET_STALL_LENGTH_1800_count, 417,             0
RET_STALL_LENGTH_1800_total_count, 417,             0

RET_STALL_LENGTH_1900_count, 417,             0
RET_STALL_LENGTH_1900_total_count, 417,             0

RET_STALL_LENGTH_2000_count, 417,             0
RET_STALL_LENGTH_2000_total_count, 417,             0

RET_STALL_LENGTH_2100_count, 417,             0
RET_STALL_LENGTH_2100_total_count, 417,             0

RET_STALL_LENGTH_2200_count, 417,             0
RET_STALL_LENGTH_2200_total_count, 417,             0

RET_STALL_LENGTH_2300_count, 417,             0
RET_STALL_LENGTH_2300_total_count, 417,             0

RET_STALL_LENGTH_2400_count, 417,             0
RET_STALL_LENGTH_2400_total_count, 417,             0

RET_STALL_LENGTH_2500_count, 417,             0
RET_STALL_LENGTH_2500_total_count, 417,             0

RET_STALL_LENGTH_2600_count, 417,             0
RET_STALL_LENGTH_2600_total_count, 417,             0

RET_STALL_LENGTH_2700_count, 417,             0
RET_STALL_LENGTH_2700_total_count, 417,             0

RET_STALL_LENGTH_2800_count, 417,             0
RET_STALL_LENGTH_2800_total_count, 417,             0

RET_STALL_LENGTH_2900_count, 417,             0
RET_STALL_LENGTH_2900_total_count, 417,             0

RET_STALL_LENGTH_3000_count, 417,             0
RET_STALL_LENGTH_3000_total_count, 417,             0

RET_STALL_LENGTH_3100_count, 417,             0
RET_STALL_LENGTH_3100_total_count, 417,             0

RET_STALL_LENGTH_3200_count, 417,             0
RET_STALL_LENGTH_3200_total_count, 417,             0

RET_STALL_LENGTH_3300_count, 417,             0
RET_STALL_LENGTH_3300_total_count, 417,             0

RET_STALL_LENGTH_3400_count, 417,             0
RET_STALL_LENGTH_3400_total_count, 417,             0

RET_STALL_LENGTH_3500_count, 417,             0
RET_STALL_LENGTH_3500_total_count, 417,             0

RET_STALL_LENGTH_3600_count, 417,             0
RET_STALL_LENGTH_3600_total_count, 417,             0

RET_STALL_LENGTH_3700_count, 417,             0
RET_STALL_LENGTH_3700_total_count, 417,             0

RET_STALL_LENGTH_3800_count, 417,             0
RET_STALL_LENGTH_3800_total_count, 417,             0

RET_STALL_LENGTH_3900_count, 417,             0
RET_STALL_LENGTH_3900_total_count, 417,             0

RET_STALL_LENGTH_4000_count, 417,             0
RET_STALL_LENGTH_4000_total_count, 417,             0

RET_STALL_LENGTH_4100_count, 417,             0
RET_STALL_LENGTH_4100_total_count, 417,             0

RET_STALL_LENGTH_4200_count, 417,             0
RET_STALL_LENGTH_4200_total_count, 417,             0

RET_STALL_LENGTH_4300_count, 417,             0
RET_STALL_LENGTH_4300_total_count, 417,             0

RET_STALL_LENGTH_4400_count, 417,             0
RET_STALL_LENGTH_4400_total_count, 417,             0

RET_STALL_LENGTH_4500_count, 417,             0
RET_STALL_LENGTH_4500_total_count, 417,             0

RET_STALL_LENGTH_4600_count, 417,             0
RET_STALL_LENGTH_4600_total_count, 417,             0

RET_STALL_LENGTH_4700_count, 417,             0
RET_STALL_LENGTH_4700_total_count, 417,             0

RET_STALL_LENGTH_4800_count, 417,             0
RET_STALL_LENGTH_4800_total_count, 417,             0

RET_STALL_LENGTH_4900_count, 417,             0
RET_STALL_LENGTH_4900_total_count, 417,             0

RET_STALL_LENGTH_5000_count, 417,             0
RET_STALL_LENGTH_5000_total_count, 417,             0

MEM_BLOCK_LENGTH_0_count, 418,           249
MEM_BLOCK_LENGTH_0_total_count, 418,           604

MEM_BLOCK_LENGTH_100_count, 418,             8
MEM_BLOCK_LENGTH_100_total_count, 418,            55

MEM_BLOCK_LENGTH_200_count, 418,             2
MEM_BLOCK_LENGTH_200_total_count, 418,             7

MEM_BLOCK_LENGTH_300_count, 418,             5
MEM_BLOCK_LENGTH_300_total_count, 418,             9

MEM_BLOCK_LENGTH_400_count, 418,             2
MEM_BLOCK_LENGTH_400_total_count, 418,             6

MEM_BLOCK_LENGTH_500_count, 418,             0
MEM_BLOCK_LENGTH_500_total_count, 418,             4

MEM_BLOCK_LENGTH_600_count, 418,             0
MEM_BLOCK_LENGTH_600_total_count, 418,             0

MEM_BLOCK_LENGTH_700_count, 418,             0
MEM_BLOCK_LENGTH_700_total_count, 418,             0

MEM_BLOCK_LENGTH_800_count, 418,             0
MEM_BLOCK_LENGTH_800_total_count, 418,             0

MEM_BLOCK_LENGTH_900_count, 418,             0
MEM_BLOCK_LENGTH_900_total_count, 418,             0

MEM_BLOCK_LENGTH_1000_count, 418,             0
MEM_BLOCK_LENGTH_1000_total_count, 418,             0

MEM_BLOCK_LENGTH_1100_count, 418,             0
MEM_BLOCK_LENGTH_1100_total_count, 418,             0

MEM_BLOCK_LENGTH_1200_count, 418,             0
MEM_BLOCK_LENGTH_1200_total_count, 418,             0

MEM_BLOCK_LENGTH_1300_count, 418,             0
MEM_BLOCK_LENGTH_1300_total_count, 418,             0

MEM_BLOCK_LENGTH_1400_count, 418,             0
MEM_BLOCK_LENGTH_1400_total_count, 418,             0

MEM_BLOCK_LENGTH_1500_count, 418,             0
MEM_BLOCK_LENGTH_1500_total_count, 418,             0

MEM_BLOCK_LENGTH_1600_count, 418,             0
MEM_BLOCK_LENGTH_1600_total_count, 418,             0

MEM_BLOCK_LENGTH_1700_count, 418,             0
MEM_BLOCK_LENGTH_1700_total_count, 418,             0

MEM_BLOCK_LENGTH_1800_count, 418,             0
MEM_BLOCK_LENGTH_1800_total_count, 418,             0

MEM_BLOCK_LENGTH_1900_count, 418,             0
MEM_BLOCK_LENGTH_1900_total_count, 418,             0

MEM_BLOCK_LENGTH_2000_count, 418,             0
MEM_BLOCK_LENGTH_2000_total_count, 418,             0

MEM_BLOCK_LENGTH_2100_count, 418,             0
MEM_BLOCK_LENGTH_2100_total_count, 418,             0

MEM_BLOCK_LENGTH_2200_count, 418,             0
MEM_BLOCK_LENGTH_2200_total_count, 418,             0

MEM_BLOCK_LENGTH_2300_count, 418,             0
MEM_BLOCK_LENGTH_2300_total_count, 418,             0

MEM_BLOCK_LENGTH_2400_count, 418,             0
MEM_BLOCK_LENGTH_2400_total_count, 418,             0

MEM_BLOCK_LENGTH_2500_count, 418,             0
MEM_BLOCK_LENGTH_2500_total_count, 418,             0

MEM_BLOCK_LENGTH_2600_count, 418,             0
MEM_BLOCK_LENGTH_2600_total_count, 418,             0

MEM_BLOCK_LENGTH_2700_count, 418,             0
MEM_BLOCK_LENGTH_2700_total_count, 418,             0

MEM_BLOCK_LENGTH_2800_count, 418,             0
MEM_BLOCK_LENGTH_2800_total_count, 418,             0

MEM_BLOCK_LENGTH_2900_count, 418,             0
MEM_BLOCK_LENGTH_2900_total_count, 418,             0

MEM_BLOCK_LENGTH_3000_count, 418,             0
MEM_BLOCK_LENGTH_3000_total_count, 418,             0

MEM_BLOCK_LENGTH_3100_count, 418,             0
MEM_BLOCK_LENGTH_3100_total_count, 418,             0

MEM_BLOCK_LENGTH_3200_count, 418,             0
MEM_BLOCK_LENGTH_3200_total_count, 418,             0

MEM_BLOCK_LENGTH_3300_count, 418,             0
MEM_BLOCK_LENGTH_3300_total_count, 418,             0

MEM_BLOCK_LENGTH_3400_count, 418,             0
MEM_BLOCK_LENGTH_3400_total_count, 418,             0

MEM_BLOCK_LENGTH_3500_count, 418,             0
MEM_BLOCK_LENGTH_3500_total_count, 418,             0

MEM_BLOCK_LENGTH_3600_count, 418,             0
MEM_BLOCK_LENGTH_3600_total_count, 418,             0

MEM_BLOCK_LENGTH_3700_count, 418,             0
MEM_BLOCK_LENGTH_3700_total_count, 418,             0

MEM_BLOCK_LENGTH_3800_count, 418,             0
MEM_BLOCK_LENGTH_3800_total_count, 418,             0

MEM_BLOCK_LENGTH_3900_count, 418,             0
MEM_BLOCK_LENGTH_3900_total_count, 418,             0

MEM_BLOCK_LENGTH_4000_count, 418,             0
MEM_BLOCK_LENGTH_4000_total_count, 418,             0

MEM_BLOCK_LENGTH_4100_count, 418,             0
MEM_BLOCK_LENGTH_4100_total_count, 418,             0

MEM_BLOCK_LENGTH_4200_count, 418,             0
MEM_BLOCK_LENGTH_4200_total_count, 418,             0

MEM_BLOCK_LENGTH_4300_count, 418,             0
MEM_BLOCK_LENGTH_4300_total_count, 418,             0

MEM_BLOCK_LENGTH_4400_count, 418,             0
MEM_BLOCK_LENGTH_4400_total_count, 418,             0

MEM_BLOCK_LENGTH_4500_count, 418,             0
MEM_BLOCK_LENGTH_4500_total_count, 418,             0

MEM_BLOCK_LENGTH_4600_count, 418,             0
MEM_BLOCK_LENGTH_4600_total_count, 418,             0

MEM_BLOCK_LENGTH_4700_count, 418,             0
MEM_BLOCK_LENGTH_4700_total_count, 418,             0

MEM_BLOCK_LENGTH_4800_count, 418,             0
MEM_BLOCK_LENGTH_4800_total_count, 418,             0

MEM_BLOCK_LENGTH_4900_count, 418,             0
MEM_BLOCK_LENGTH_4900_total_count, 418,             0

MEM_BLOCK_LENGTH_5000_count, 418,             0
MEM_BLOCK_LENGTH_5000_total_count, 418,             0

FUS_BUSY_ON_PATH_count, 0,      11590366
FUS_BUSY_ON_PATH_pct, 0,        4.612
FUS_BUSY_ON_PATH_total_count, 0,      34784904
FUS_BUSY_ON_PATH_total_pct, 0,        4.574

FUS_BUSY_OFF_PATH_count, 0,          8611
FUS_BUSY_OFF_PATH_pct, 0,        0.003
FUS_BUSY_OFF_PATH_total_count, 0,         65503
FUS_BUSY_OFF_PATH_total_pct, 0,        0.009

FU_BUSY_MEM_STALL_count, 0,         83321
FU_BUSY_MEM_STALL_pct, 0,        0.033
FU_BUSY_MEM_STALL_total_count, 0,        261845
FU_BUSY_MEM_STALL_total_pct, 0,        0.034

FUS_EMPTY_count, 0,      13534093
FUS_EMPTY_pct, 0,        5.385
FUS_EMPTY_total_count, 0,      41196523
FUS_EMPTY_total_pct, 0,        5.417

FU_UNAVAILABLE_count, 0,        516672
FU_UNAVAILABLE_pct, 0,        0.206
FU_UNAVAILABLE_total_count, 0,       1551265
FU_UNAVAILABLE_total_pct, 0,        0.204

FU_MEM_UNAVAILABLE_count, 0,         40985
FU_MEM_UNAVAILABLE_pct, 0,        0.016
FU_MEM_UNAVAILABLE_total_count, 0,        131417
FU_MEM_UNAVAILABLE_total_pct, 0,        0.017

FU_OTHER_UNAVAILABLE_count, 0,             0
FU_OTHER_UNAVAILABLE_pct, 0,        0.000
FU_OTHER_UNAVAILABLE_total_count, 0,             0
FU_OTHER_UNAVAILABLE_total_pct, 0,        0.000

FU_REPLAY_count, 0,             0
FU_REPLAY_pct, 0,        0.000
FU_REPLAY_total_count, 0,             0
FU_REPLAY_total_pct, 0,        0.000

FU_STARVED_count, 0,      13532918
FU_STARVED_pct, 0,        5.385
FU_STARVED_total_count, 0,      41190046
FU_STARVED_total_pct, 0,        5.416

CHIP_UTILIZATION_count, 0,             0
CHIP_UTILIZATION_pct, 0,        0.000
CHIP_UTILIZATION_total_count, 0,             0
CHIP_UTILIZATION_total_pct, 0,        0.000

CYCLES_UNDER_MEM_REQ_count, 0,             0
CYCLES_UNDER_MEM_REQ_total_count, 0,             0

CYCLES_UNDER_NO_MEM_REQ_count, 0,             0
CYCLES_UNDER_NO_MEM_REQ_total_count, 0,             0

CYCLES_UNDER_CRITICAL_MEM_REQ_count, 0,             0
CYCLES_UNDER_CRITICAL_MEM_REQ_total_count, 0,             0

CYCLES_UNDER_NONCRITICAL_MEM_REQ_count, 0,             0
CYCLES_UNDER_NONCRITICAL_MEM_REQ_total_count, 0,             0

CHIP_UTILIZATION_UNDER_MEM_REQ_count, 0,             0
CHIP_UTILIZATION_UNDER_MEM_REQ_pct, 0,         -nan
CHIP_UTILIZATION_UNDER_MEM_REQ_total_count, 0,             0
CHIP_UTILIZATION_UNDER_MEM_REQ_total_pct, 0,         -nan

CHIP_UTILIZATION_UNDER_NO_MEM_REQ_count, 0,             0
CHIP_UTILIZATION_UNDER_NO_MEM_REQ_pct, 0,         -nan
CHIP_UTILIZATION_UNDER_NO_MEM_REQ_total_count, 0,             0
CHIP_UTILIZATION_UNDER_NO_MEM_REQ_total_pct, 0,         -nan

CHIP_UTILIZATION_UNDER_CRITICAL_MEM_REQ_count, 0,             0
CHIP_UTILIZATION_UNDER_CRITICAL_MEM_REQ_pct, 0,         -nan
CHIP_UTILIZATION_UNDER_CRITICAL_MEM_REQ_total_count, 0,             0
CHIP_UTILIZATION_UNDER_CRITICAL_MEM_REQ_total_pct, 0,         -nan

CHIP_UTILIZATION_UNDER_NONCRITICAL_MEM_REQ_count, 0,             0
CHIP_UTILIZATION_UNDER_NONCRITICAL_MEM_REQ_pct, 0,         -nan
CHIP_UTILIZATION_UNDER_NONCRITICAL_MEM_REQ_total_count, 0,             0
CHIP_UTILIZATION_UNDER_NONCRITICAL_MEM_REQ_total_pct, 0,         -nan

CYCLES_NOT_WAITING_FOR_OFF_CHIP_count, 0,             0
CYCLES_NOT_WAITING_FOR_OFF_CHIP_pct, 0,        0.000
CYCLES_NOT_WAITING_FOR_OFF_CHIP_total_count, 0,             0
CYCLES_NOT_WAITING_FOR_OFF_CHIP_total_pct, 0,        0.000

FUS_BUSY_NOT_WAITING_FOR_OFF_CHIP_count, 0,             0
FUS_BUSY_NOT_WAITING_FOR_OFF_CHIP_pct, 0,         -nan
FUS_BUSY_NOT_WAITING_FOR_OFF_CHIP_total_count, 0,             0
FUS_BUSY_NOT_WAITING_FOR_OFF_CHIP_total_pct, 0,         -nan

CYCLES_WAITING_FOR_OFF_CHIP_count, 0,             0
CYCLES_WAITING_FOR_OFF_CHIP_pct, 0,        0.000
CYCLES_WAITING_FOR_OFF_CHIP_total_count, 0,             0
CYCLES_WAITING_FOR_OFF_CHIP_total_pct, 0,        0.000

FUS_BUSY_WAITING_FOR_OFF_CHIP_count, 0,             0
FUS_BUSY_WAITING_FOR_OFF_CHIP_pct, 0,         -nan
FUS_BUSY_WAITING_FOR_OFF_CHIP_total_count, 0,             0
FUS_BUSY_WAITING_FOR_OFF_CHIP_total_pct, 0,         -nan

TOTAL_OFF_CHIP_DELAYS_LEFT_count, 0,             0
TOTAL_OFF_CHIP_DELAYS_LEFT_total_count, 0,             0

WRONG_IO_SCHED_count, 0,             0
WRONG_IO_SCHED_total_count, 0,             0

DVFS_CONFIG_SWITCH_count, 0,             0
DVFS_CONFIG_SWITCH_total_count, 0,             0

MAP_STAGE_RECEIVED_OPS_0_count, 419,             0
MAP_STAGE_RECEIVED_OPS_0_total_count, 419,             0

MAP_STAGE_RECEIVED_OPS_1_count, 419,           125
MAP_STAGE_RECEIVED_OPS_1_total_count, 419,           878

MAP_STAGE_RECEIVED_OPS_2_count, 419,           150
MAP_STAGE_RECEIVED_OPS_2_total_count, 419,          1026

MAP_STAGE_RECEIVED_OPS_3_count, 419,           300
MAP_STAGE_RECEIVED_OPS_3_total_count, 419,          1661

MAP_STAGE_RECEIVED_OPS_4_count, 419,           250
MAP_STAGE_RECEIVED_OPS_4_total_count, 419,          2209

MAP_STAGE_RECEIVED_OPS_5_count, 419,           250
MAP_STAGE_RECEIVED_OPS_5_total_count, 419,          1036

MAP_STAGE_RECEIVED_OPS_6_count, 419,       1948768
MAP_STAGE_RECEIVED_OPS_6_total_count, 419,       5843961

MAP_STAGE_RECEIVED_OPS_7_count, 419,             0
MAP_STAGE_RECEIVED_OPS_7_total_count, 419,             0

MAP_STAGE_RECEIVED_OPS_8_count, 419,             0
MAP_STAGE_RECEIVED_OPS_8_total_count, 419,             0

MAP_STAGE_RECEIVED_OPS_MAX_count, 419,             0
MAP_STAGE_RECEIVED_OPS_MAX_total_count, 419,             0

MAP_STAGE_WAIT_FOR_DECODE_count, 420,             0
MAP_STAGE_WAIT_FOR_DECODE_total_count, 420,             0

MAP_STAGE_CONSUME_DECODE_count, 420,             0
MAP_STAGE_CONSUME_DECODE_total_count, 420,             0

MAP_STAGE_WAIT_FOR_DECODE2_count, 421,             0
MAP_STAGE_WAIT_FOR_DECODE2_total_count, 421,             0

MAP_STAGE_CONSUME_DECODE2_count, 421,             0
MAP_STAGE_CONSUME_DECODE2_total_count, 421,             0

FTQ_RECOVER_EXEC_count, 0,           200
FTQ_RECOVER_EXEC_total_count, 0,          1334

FTQ_RECOVER_DECODE_count, 0,             0
FTQ_RECOVER_DECODE_total_count, 0,           230

FTQ_OFFPATH_CYCLES_count, 0,         33862
FTQ_OFFPATH_CYCLES_total_count, 0,        167041

FTQ_CYCLES_OFFPATH_count, 0,         33862
FTQ_CYCLES_OFFPATH_total_count, 0,        167041

FTQ_CYCLES_ONPATH_count, 0,       2479445
FTQ_CYCLES_ONPATH_total_count, 0,       7437652

FTQ_FETCHED_INS_ONPATH_count, 0,      11696209
FTQ_FETCHED_INS_ONPATH_total_count, 0,      35088741

FTQ_FETCHED_INS_OFFPATH_count, 0,        119894
FTQ_FETCHED_INS_OFFPATH_total_count, 0,        728719

FTQ_BREAK_FULL_FT_ONPATH_count, 0,       2464533
FTQ_BREAK_FULL_FT_ONPATH_total_count, 0,       7385761

FTQ_BREAK_FULL_FT_OFFPATH_count, 0,         25983
FTQ_BREAK_FULL_FT_OFFPATH_total_count, 0,        113429

FTQ_BREAK_PRED_BR_ONPATH_count, 0,             0
FTQ_BREAK_PRED_BR_ONPATH_total_count, 0,             0

FTQ_BREAK_PRED_BR_OFFPATH_count, 0,             0
FTQ_BREAK_PRED_BR_OFFPATH_total_count, 0,             0

FTQ_BREAK_BAR_FETCH_ONPATH_count, 0,             0
FTQ_BREAK_BAR_FETCH_ONPATH_total_count, 0,             0

FTQ_BREAK_BAR_FETCH_OFFPATH_count, 0,             0
FTQ_BREAK_BAR_FETCH_OFFPATH_total_count, 0,             0

FTQ_BREAK_MAX_CFS_TAKEN_ONPATH_count, 0,             0
FTQ_BREAK_MAX_CFS_TAKEN_ONPATH_total_count, 0,             0

FTQ_BREAK_MAX_CFS_TAKEN_OFFPATH_count, 0,             0
FTQ_BREAK_MAX_CFS_TAKEN_OFFPATH_total_count, 0,             0

FTQ_BREAK_MAX_FT_ONPATH_count, 0,         14764
FTQ_BREAK_MAX_FT_ONPATH_total_count, 0,         51743

FTQ_BREAK_MAX_FT_OFFPATH_count, 0,          7879
FTQ_BREAK_MAX_FT_OFFPATH_total_count, 0,         53612

DFE_GEN_ON_PATH_FT_count, 0,       1113526
DFE_GEN_ON_PATH_FT_total_count, 0,       3344998

DFE_GEN_OFF_PATH_FT_count, 0,         15021
DFE_GEN_OFF_PATH_FT_total_count, 0,         75166

DFE_L0_ENABLED_PREDICTIONS_count, 0,      11696209
DFE_L0_ENABLED_PREDICTIONS_total_count, 0,      35088741

DFE_L0_WRONG_MAIN_CORRECT_count, 0,          1275
DFE_L0_WRONG_MAIN_CORRECT_total_count, 0,          5050

DFE_L0_WRONG_MAIN_WRONG_count, 0,           201
DFE_L0_WRONG_MAIN_WRONG_total_count, 0,          1429

DFE_L0_CORRECT_MAIN_WRONG_count, 0,             0
DFE_L0_CORRECT_MAIN_WRONG_total_count, 0,           136

DFE_L0_CORRECT_MAIN_CORRECT_count, 0,      11694733
DFE_L0_CORRECT_MAIN_CORRECT_total_count, 0,      35082126

DFE_L0_WRONG_MAIN_CORRECT_RECOVERY_SCHEDULED_count, 0,             0
DFE_L0_WRONG_MAIN_CORRECT_RECOVERY_SCHEDULED_total_count, 0,             0

FTQ_SAW_BAR_FETCH_OFFPATH_count, 0,             0
FTQ_SAW_BAR_FETCH_OFFPATH_total_count, 0,           124

FTQ_SAW_BAR_FETCH_ONPATH_count, 0,            75
FTQ_SAW_BAR_FETCH_ONPATH_total_count, 0,           297

DFE_CONF_0_RECOVER_AT_EXEC_count, 422,             0
DFE_CONF_0_RECOVER_AT_EXEC_total_count, 422,             0

DFE_CONF_1_RECOVER_AT_EXEC_count, 422,             0
DFE_CONF_1_RECOVER_AT_EXEC_total_count, 422,             0

DFE_CONF_2_RECOVER_AT_EXEC_count, 422,             0
DFE_CONF_2_RECOVER_AT_EXEC_total_count, 422,             0

DFE_CONF_3_RECOVER_AT_EXEC_count, 422,             0
DFE_CONF_3_RECOVER_AT_EXEC_total_count, 422,             0

DFE_CONF_0_CORRECT_count, 422,             0
DFE_CONF_0_CORRECT_total_count, 422,             0

DFE_CONF_1_CORRECT_count, 422,             0
DFE_CONF_1_CORRECT_total_count, 422,             0

DFE_CONF_2_CORRECT_count, 422,             0
DFE_CONF_2_CORRECT_total_count, 422,             0

DFE_CONF_3_CORRECT_count, 422,             0
DFE_CONF_3_CORRECT_total_count, 422,             0

DFE_ON_CONF_ON_OPS_count, 423,             0
DFE_ON_CONF_ON_OPS_total_count, 423,             0

DFE_ON_CONF_OFF_OPS_count, 423,             0
DFE_ON_CONF_OFF_OPS_total_count, 423,             0

DFE_OFF_CONF_ON_OPS_count, 423,             0
DFE_OFF_CONF_ON_OPS_total_count, 423,             0

DFE_OFF_CONF_OFF_REALISTIC_OPS_count, 423,             0
DFE_OFF_CONF_OFF_REALISTIC_OPS_total_count, 423,             0

DFE_OFF_CONF_OFF_PERFECT_OPS_count, 423,             0
DFE_OFF_CONF_OFF_PERFECT_OPS_total_count, 423,             0

DFE_ON_CONF_ON_FETCH_TARGETS_count, 424,             0
DFE_ON_CONF_ON_FETCH_TARGETS_total_count, 424,             0

DFE_ON_CONF_OFF_FETCH_TARGETS_count, 424,             0
DFE_ON_CONF_OFF_FETCH_TARGETS_total_count, 424,             0

DFE_OFF_CONF_ON_FETCH_TARGETS_count, 424,             0
DFE_OFF_CONF_ON_FETCH_TARGETS_total_count, 424,             0

DFE_OFF_CONF_OFF_REALISTIC_FETCH_TARGETS_count, 424,             0
DFE_OFF_CONF_OFF_REALISTIC_FETCH_TARGETS_total_count, 424,             0

DFE_OFF_CONF_OFF_PERFECT_FETCH_TARGETS_count, 424,             0
DFE_OFF_CONF_OFF_PERFECT_FETCH_TARGETS_total_count, 424,             0

DFE_ON_CONF_ON_CYCLES_count, 425,             0
DFE_ON_CONF_ON_CYCLES_total_count, 425,             0

DFE_ON_CONF_OFF_CYCLES_count, 425,             0
DFE_ON_CONF_OFF_CYCLES_total_count, 425,             0

DFE_OFF_CONF_ON_CYCLES_count, 425,             0
DFE_OFF_CONF_ON_CYCLES_total_count, 425,             0

DFE_OFF_CONF_OFF_REALISTIC_CYCLES_count, 425,             0
DFE_OFF_CONF_OFF_REALISTIC_CYCLES_total_count, 425,             0

DFE_OFF_CONF_OFF_PERFECT_CYCLES_count, 425,             0
DFE_OFF_CONF_OFF_PERFECT_CYCLES_total_count, 425,             0

DFE_OFF_CONF_ON_NUM_EVENTS_count, 0,             0
DFE_OFF_CONF_ON_NUM_EVENTS_total_count, 0,             0

DFE_OFF_CONF_ON_NOT_IDENTIFIED_EVENTS_count, 426,             0
DFE_OFF_CONF_ON_NOT_IDENTIFIED_EVENTS_total_count, 426,             0

DFE_OFF_CONF_ON_IBTB_MISS_EVENTS_count, 426,             0
DFE_OFF_CONF_ON_IBTB_MISS_EVENTS_total_count, 426,             0

DFE_OFF_CONF_ON_BTB_MISS_EVENTS_count, 426,             0
DFE_OFF_CONF_ON_BTB_MISS_EVENTS_total_count, 426,             0

DFE_OFF_CONF_ON_BTB_MISS_RECOVER_AT_EXEC_EVENTS_count, 426,             0
DFE_OFF_CONF_ON_BTB_MISS_RECOVER_AT_EXEC_EVENTS_total_count, 426,             0

DFE_OFF_CONF_ON_RECOVER_AT_EXEC_EVENTS_count, 426,             0
DFE_OFF_CONF_ON_RECOVER_AT_EXEC_EVENTS_total_count, 426,             0

DFE_OFF_CONF_ON_RECOVER_AT_DECODE_EVENTS_count, 426,             0
DFE_OFF_CONF_ON_RECOVER_AT_DECODE_EVENTS_total_count, 426,             0

DFE_OFF_CONF_ON_LATE_BTB_HIT_EVENTS_count, 0,             0
DFE_OFF_CONF_ON_LATE_BTB_HIT_EVENTS_total_count, 0,             0

DFE_OFF_CONF_ON_NOT_IDENTIFIED_CYCLES_count, 427,             0
DFE_OFF_CONF_ON_NOT_IDENTIFIED_CYCLES_total_count, 427,             0

DFE_OFF_CONF_ON_IBTB_MISS_CYCLES_count, 427,             0
DFE_OFF_CONF_ON_IBTB_MISS_CYCLES_total_count, 427,             0

DFE_OFF_CONF_ON_BTB_MISS_CYCLES_count, 427,             0
DFE_OFF_CONF_ON_BTB_MISS_CYCLES_total_count, 427,             0

DFE_OFF_CONF_ON_BTB_MISS_RECOVER_AT_EXEC_CYCLES_count, 427,             0
DFE_OFF_CONF_ON_BTB_MISS_RECOVER_AT_EXEC_CYCLES_total_count, 427,             0

DFE_OFF_CONF_ON_RECOVER_AT_EXEC_CYCLES_count, 427,             0
DFE_OFF_CONF_ON_RECOVER_AT_EXEC_CYCLES_total_count, 427,             0

DFE_OFF_CONF_ON_RECOVER_AT_DECODE_CYCLES_count, 427,             0
DFE_OFF_CONF_ON_RECOVER_AT_DECODE_CYCLES_total_count, 427,             0

DFE_OFF_CONF_ON_LATE_BTB_HIT_CYCLES_count, 0,             0
DFE_OFF_CONF_ON_LATE_BTB_HIT_CYCLES_total_count, 0,             0

DFE_OFF_CONF_ON_NOT_IDENTIFIED_FETCH_TARGETS_count, 428,             0
DFE_OFF_CONF_ON_NOT_IDENTIFIED_FETCH_TARGETS_total_count, 428,             0

DFE_OFF_CONF_ON_IBTB_MISS_FETCH_TARGETS_count, 428,             0
DFE_OFF_CONF_ON_IBTB_MISS_FETCH_TARGETS_total_count, 428,             0

DFE_OFF_CONF_ON_BTB_MISS_FETCH_TARGETS_count, 428,             0
DFE_OFF_CONF_ON_BTB_MISS_FETCH_TARGETS_total_count, 428,             0

DFE_OFF_CONF_ON_BTB_MISS_RECOVER_AT_EXEC_FETCH_TARGETS_count, 428,             0
DFE_OFF_CONF_ON_BTB_MISS_RECOVER_AT_EXEC_FETCH_TARGETS_total_count, 428,             0

DFE_OFF_CONF_ON_RECOVER_AT_EXEC_FETCH_TARGETS_count, 428,             0
DFE_OFF_CONF_ON_RECOVER_AT_EXEC_FETCH_TARGETS_total_count, 428,             0

DFE_OFF_CONF_ON_RECOVER_AT_DECODE_FETCH_TARGETS_count, 428,             0
DFE_OFF_CONF_ON_RECOVER_AT_DECODE_FETCH_TARGETS_total_count, 428,             0

DFE_OFF_CONF_ON_LATE_BTB_HIT_FETCH_TARGETS_count, 0,             0
DFE_OFF_CONF_ON_LATE_BTB_HIT_FETCH_TARGETS_total_count, 0,             0

DFE_OFF_CONF_ON_BP_INCORRECT_0_CONF_count, 429,             0
DFE_OFF_CONF_ON_BP_INCORRECT_0_CONF_total_count, 429,             0

DFE_OFF_CONF_ON_BP_INCORRECT_1_CONF_count, 429,             0
DFE_OFF_CONF_ON_BP_INCORRECT_1_CONF_total_count, 429,             0

DFE_OFF_CONF_ON_BP_INCORRECT_2_CONF_count, 429,             0
DFE_OFF_CONF_ON_BP_INCORRECT_2_CONF_total_count, 429,             0

DFE_OFF_CONF_ON_BP_INCORRECT_3_CONF_count, 429,             0
DFE_OFF_CONF_ON_BP_INCORRECT_3_CONF_total_count, 429,             0

DFE_OFF_CONF_ON_BTB_MISS_CBR_0_CONF_count, 430,             0
DFE_OFF_CONF_ON_BTB_MISS_CBR_0_CONF_total_count, 430,             0

DFE_OFF_CONF_ON_BTB_MISS_CBR_1_CONF_count, 430,             0
DFE_OFF_CONF_ON_BTB_MISS_CBR_1_CONF_total_count, 430,             0

DFE_OFF_CONF_ON_BTB_MISS_CBR_2_CONF_count, 430,             0
DFE_OFF_CONF_ON_BTB_MISS_CBR_2_CONF_total_count, 430,             0

DFE_OFF_CONF_ON_BTB_MISS_CBR_3_CONF_count, 430,             0
DFE_OFF_CONF_ON_BTB_MISS_CBR_3_CONF_total_count, 430,             0

DFE_OFF_CONF_ON_BTB_MISS_NOT_CF_count, 431,             0
DFE_OFF_CONF_ON_BTB_MISS_NOT_CF_total_count, 431,             0

DFE_OFF_CONF_ON_BTB_MISS_CF_BR_count, 431,             0
DFE_OFF_CONF_ON_BTB_MISS_CF_BR_total_count, 431,             0

DFE_OFF_CONF_ON_BTB_MISS_CF_CBR_count, 431,             0
DFE_OFF_CONF_ON_BTB_MISS_CF_CBR_total_count, 431,             0

DFE_OFF_CONF_ON_BTB_MISS_CF_CALL_count, 431,             0
DFE_OFF_CONF_ON_BTB_MISS_CF_CALL_total_count, 431,             0

DFE_OFF_CONF_ON_BTB_MISS_CF_IBR_count, 431,             0
DFE_OFF_CONF_ON_BTB_MISS_CF_IBR_total_count, 431,             0

DFE_OFF_CONF_ON_BTB_MISS_CF_ICALL_count, 431,             0
DFE_OFF_CONF_ON_BTB_MISS_CF_ICALL_total_count, 431,             0

DFE_OFF_CONF_ON_BTB_MISS_CF_ICO_count, 431,             0
DFE_OFF_CONF_ON_BTB_MISS_CF_ICO_total_count, 431,             0

DFE_OFF_CONF_ON_BTB_MISS_CF_RET_count, 431,             0
DFE_OFF_CONF_ON_BTB_MISS_CF_RET_total_count, 431,             0

DFE_OFF_CONF_ON_BTB_MISS_CF_SYS_count, 431,             0
DFE_OFF_CONF_ON_BTB_MISS_CF_SYS_total_count, 431,             0

DFE_ON_CONF_OFF_NUM_EVENTS_count, 0,             0
DFE_ON_CONF_OFF_NUM_EVENTS_total_count, 0,             0

CONF_BTB_NUM_CYCLES_OFF_PATH_EVENT_count, 0,             0
CONF_BTB_NUM_CYCLES_OFF_PATH_EVENT_total_count, 0,             0

DFE_ON_CONF_OFF_IBTB_MISS_BP_TAKEN_count, 432,             0
DFE_ON_CONF_OFF_IBTB_MISS_BP_TAKEN_total_count, 432,             0

DFE_ON_CONF_OFF_BTB_MISS_BP_TAKEN_CONF_0_count, 432,             0
DFE_ON_CONF_OFF_BTB_MISS_BP_TAKEN_CONF_0_total_count, 432,             0

DFE_ON_CONF_OFF_BTB_MISS_BP_TAKEN_CONF_1_count, 432,             0
DFE_ON_CONF_OFF_BTB_MISS_BP_TAKEN_CONF_1_total_count, 432,             0

DFE_ON_CONF_OFF_BTB_MISS_BP_TAKEN_CONF_2_count, 432,             0
DFE_ON_CONF_OFF_BTB_MISS_BP_TAKEN_CONF_2_total_count, 432,             0

DFE_ON_CONF_OFF_BTB_MISS_BP_TAKEN_CONF_3_count, 432,             0
DFE_ON_CONF_OFF_BTB_MISS_BP_TAKEN_CONF_3_total_count, 432,             0

DFE_ON_CONF_OFF_BTB_MISS_RATE_count, 432,             0
DFE_ON_CONF_OFF_BTB_MISS_RATE_total_count, 432,             0

DFE_ON_CONF_OFF_IBTB_MISS_RATE_count, 432,             0
DFE_ON_CONF_OFF_IBTB_MISS_RATE_total_count, 432,             0

DFE_ON_CONF_OFF_RECOVER_AT_DECODE_RATE_count, 432,             0
DFE_ON_CONF_OFF_RECOVER_AT_DECODE_RATE_total_count, 432,             0

DFE_ON_CONF_OFF_RECOVER_AT_EXEC_RATE_count, 432,             0
DFE_ON_CONF_OFF_RECOVER_AT_EXEC_RATE_total_count, 432,             0

DFE_ON_CONF_OFF_INV_CONF_INC_count, 432,             0
DFE_ON_CONF_OFF_INV_CONF_INC_total_count, 432,             0

DFE_ON_CONF_OFF_PERFECT_CONF_count, 432,             0
DFE_ON_CONF_OFF_PERFECT_CONF_total_count, 432,             0

DFE_ON_CONF_OFF_IBTB_MISS_BP_TAKEN_CYCLES_count, 433,             0
DFE_ON_CONF_OFF_IBTB_MISS_BP_TAKEN_CYCLES_total_count, 433,             0

DFE_ON_CONF_OFF_BTB_MISS_BP_TAKEN_CONF_0_CYCLES_count, 433,             0
DFE_ON_CONF_OFF_BTB_MISS_BP_TAKEN_CONF_0_CYCLES_total_count, 433,             0

DFE_ON_CONF_OFF_BTB_MISS_BP_TAKEN_CONF_1_CYCLES_count, 433,             0
DFE_ON_CONF_OFF_BTB_MISS_BP_TAKEN_CONF_1_CYCLES_total_count, 433,             0

DFE_ON_CONF_OFF_BTB_MISS_BP_TAKEN_CONF_2_CYCLES_count, 433,             0
DFE_ON_CONF_OFF_BTB_MISS_BP_TAKEN_CONF_2_CYCLES_total_count, 433,             0

DFE_ON_CONF_OFF_BTB_MISS_BP_TAKEN_CONF_3_CYCLES_count, 433,             0
DFE_ON_CONF_OFF_BTB_MISS_BP_TAKEN_CONF_3_CYCLES_total_count, 433,             0

DFE_ON_CONF_OFF_BTB_MISS_RATE_CYCLES_count, 433,             0
DFE_ON_CONF_OFF_BTB_MISS_RATE_CYCLES_total_count, 433,             0

DFE_ON_CONF_OFF_IBTB_MISS_RATE_CYCLES_count, 433,             0
DFE_ON_CONF_OFF_IBTB_MISS_RATE_CYCLES_total_count, 433,             0

DFE_ON_CONF_OFF_RECOVER_AT_DECODE_RATE_CYCLES_count, 433,             0
DFE_ON_CONF_OFF_RECOVER_AT_DECODE_RATE_CYCLES_total_count, 433,             0

DFE_ON_CONF_OFF_RECOVER_AT_EXEC_RATE_CYCLES_count, 433,             0
DFE_ON_CONF_OFF_RECOVER_AT_EXEC_RATE_CYCLES_total_count, 433,             0

DFE_ON_CONF_OFF_INV_CONF_INC_CYCLES_count, 433,             0
DFE_ON_CONF_OFF_INV_CONF_INC_CYCLES_total_count, 433,             0

DFE_ON_CONF_OFF_PERFECT_CONF_CYCLES_count, 433,             0
DFE_ON_CONF_OFF_PERFECT_CONF_CYCLES_total_count, 433,             0

DFE_ON_CONF_OFF_IBTB_MISS_BP_TAKEN_FETCH_TARGETS_count, 434,             0
DFE_ON_CONF_OFF_IBTB_MISS_BP_TAKEN_FETCH_TARGETS_total_count, 434,             0

DFE_ON_CONF_OFF_BTB_MISS_BP_TAKEN_CONF_0_FETCH_TARGETS_count, 434,             0
DFE_ON_CONF_OFF_BTB_MISS_BP_TAKEN_CONF_0_FETCH_TARGETS_total_count, 434,             0

DFE_ON_CONF_OFF_BTB_MISS_BP_TAKEN_CONF_1_FETCH_TARGETS_count, 434,             0
DFE_ON_CONF_OFF_BTB_MISS_BP_TAKEN_CONF_1_FETCH_TARGETS_total_count, 434,             0

DFE_ON_CONF_OFF_BTB_MISS_BP_TAKEN_CONF_2_FETCH_TARGETS_count, 434,             0
DFE_ON_CONF_OFF_BTB_MISS_BP_TAKEN_CONF_2_FETCH_TARGETS_total_count, 434,             0

DFE_ON_CONF_OFF_BTB_MISS_BP_TAKEN_CONF_3_FETCH_TARGETS_count, 434,             0
DFE_ON_CONF_OFF_BTB_MISS_BP_TAKEN_CONF_3_FETCH_TARGETS_total_count, 434,             0

DFE_ON_CONF_OFF_BTB_MISS_RATE_FETCH_TARGETS_count, 434,             0
DFE_ON_CONF_OFF_BTB_MISS_RATE_FETCH_TARGETS_total_count, 434,             0

DFE_ON_CONF_OFF_IBTB_MISS_RATE_FETCH_TARGETS_count, 434,             0
DFE_ON_CONF_OFF_IBTB_MISS_RATE_FETCH_TARGETS_total_count, 434,             0

DFE_ON_CONF_OFF_RECOVER_AT_DECODE_RATE_FETCH_TARGETS_count, 434,             0
DFE_ON_CONF_OFF_RECOVER_AT_DECODE_RATE_FETCH_TARGETS_total_count, 434,             0

DFE_ON_CONF_OFF_RECOVER_AT_EXEC_RATE_FETCH_TARGETS_count, 434,             0
DFE_ON_CONF_OFF_RECOVER_AT_EXEC_RATE_FETCH_TARGETS_total_count, 434,             0

DFE_ON_CONF_OFF_INV_CONF_INC_FETCH_TARGETS_count, 434,             0
DFE_ON_CONF_OFF_INV_CONF_INC_FETCH_TARGETS_total_count, 434,             0

DFE_ON_CONF_OFF_PERFECT_CONF_FETCH_TARGETS_count, 434,             0
DFE_ON_CONF_OFF_PERFECT_CONF_FETCH_TARGETS_total_count, 434,             0

CONF_OFF_IBTB_MISS_BP_TAKEN_count, 435,             0
CONF_OFF_IBTB_MISS_BP_TAKEN_total_count, 435,             0

CONF_OFF_BTB_MISS_BP_TAKEN_CONF_0_count, 435,             0
CONF_OFF_BTB_MISS_BP_TAKEN_CONF_0_total_count, 435,             0

CONF_OFF_BTB_MISS_BP_TAKEN_CONF_1_count, 435,             0
CONF_OFF_BTB_MISS_BP_TAKEN_CONF_1_total_count, 435,             0

CONF_OFF_BTB_MISS_BP_TAKEN_CONF_2_count, 435,             0
CONF_OFF_BTB_MISS_BP_TAKEN_CONF_2_total_count, 435,             0

CONF_OFF_BTB_MISS_BP_TAKEN_CONF_3_count, 435,             0
CONF_OFF_BTB_MISS_BP_TAKEN_CONF_3_total_count, 435,             0

CONF_OFF_BTB_MISS_RATE_count, 435,             0
CONF_OFF_BTB_MISS_RATE_total_count, 435,             0

CONF_OFF_IBTB_MISS_RATE_count, 435,             0
CONF_OFF_IBTB_MISS_RATE_total_count, 435,             0

CONF_OFF_RECOVER_AT_DECODE_RATE_count, 435,             0
CONF_OFF_RECOVER_AT_DECODE_RATE_total_count, 435,             0

CONF_OFF_RECOVER_AT_EXEC_RATE_count, 435,             0
CONF_OFF_RECOVER_AT_EXEC_RATE_total_count, 435,             0

CONF_OFF_INV_CONF_INC_count, 435,             0
CONF_OFF_INV_CONF_INC_total_count, 435,             0

CONF_OFF_PERFECT_CONF_count, 435,             0
CONF_OFF_PERFECT_CONF_total_count, 435,             0

TOPDOWN_TOTAL_SLOTS_count, 0,      15079842
TOPDOWN_TOTAL_SLOTS_total_count, 0,      45628158

TOPDOWN_ISSUED_SLOTS_count, 0,      11737268
TOPDOWN_ISSUED_SLOTS_total_count, 0,      35294900

TOPDOWN_RETIRED_SLOTS_count, 0,      11696702
TOPDOWN_RETIRED_SLOTS_total_count, 0,      35088741

TOPDOWN_FETCH_BUBBLES_SLOTS_count, 0,         12288
TOPDOWN_FETCH_BUBBLES_SLOTS_total_count, 0,        260117

TOPDOWN_RECOVERY_BUBBLES_SLOTS_count, 0,          6100
TOPDOWN_RECOVERY_BUBBLES_SLOTS_total_count, 0,         40473

TOPDOWN_MEM_LOAD_STALLS_CYCLES_count, 0,        553981
TOPDOWN_MEM_LOAD_STALLS_CYCLES_total_count, 0,       1671209

TOPDOWN_MEM_STORE_STALLS_CYCLES_count, 0,             0
TOPDOWN_MEM_STORE_STALLS_CYCLES_total_count, 0,            10

TOPDOWN_EXEC_STALLS_CYCLES_count, 0,        331662
TOPDOWN_EXEC_STALLS_CYCLES_total_count, 0,       1010526

TOPDOWN_BACKEND_STALLS_CYCLES_count, 0,        553981
TOPDOWN_BACKEND_STALLS_CYCLES_total_count, 0,       1671842

TOPDOWN_FETCH_BUBBLES_GT_MIW_CYCLES_count, 0,          1573
TOPDOWN_FETCH_BUBBLES_GT_MIW_CYCLES_total_count, 0,         39765

TOPDOWN_BR_RECOVER_AT_EXEC_RETIRED_CYCLES_count, 0,           200
TOPDOWN_BR_RECOVER_AT_EXEC_RETIRED_CYCLES_total_count, 0,          1334

TOPDOWN_MACHINE_CLEAR_CYCLES_count, 0,          1475
TOPDOWN_MACHINE_CLEAR_CYCLES_total_count, 0,          6614

TOPDOWN_FRONTEND_BOUND_count, 0,             8
TOPDOWN_FRONTEND_BOUND_total_count, 0,             8

TOPDOWN_BACKEND_BOUND_count, 0,          2206
TOPDOWN_BACKEND_BOUND_total_count, 0,          2206

TOPDOWN_BAD_SPEC_BOUND_count, 0,            30
TOPDOWN_BAD_SPEC_BOUND_total_count, 0,            30

TOPDOWN_RETIRING_BOUND_count, 0,          7756
TOPDOWN_RETIRING_BOUND_total_count, 0,          7756

TOPDOWN_FETCH_LATENCY_BOUND_count, 0,             6
TOPDOWN_FETCH_LATENCY_BOUND_total_count, 0,             6

TOPDOWN_FETCH_BANDWIDTH_BOUND_count, 0,             2
TOPDOWN_FETCH_BANDWIDTH_BOUND_total_count, 0,             2

TOPDOWN_MEM_BOUND_count, 0,          2206
TOPDOWN_MEM_BOUND_total_count, 0,          2206

TOPDOWN_CORE_BOUND_count, 0,             0
TOPDOWN_CORE_BOUND_total_count, 0,             0

TOPDOWN_BR_RECOVER_AT_EXEC_BOUND_count, 0,             3
TOPDOWN_BR_RECOVER_AT_EXEC_BOUND_total_count, 0,             3

TOPDOWN_MACHINE_CLEARS_BOUND_count, 0,            27
TOPDOWN_MACHINE_CLEARS_BOUND_total_count, 0,            27

H2P_SEEN_MAIN_count, 0,             0
H2P_SEEN_MAIN_total_count, 0,             0



