Core, 0, 0
Cumulative_Cycles, 0, 14047894            
Cumulative_Instructions, 0, 30000000            
Periodic_Cycles, 0, 4606909             
Periodic_Instructions, 0, 9999996             
L0_ALL_PREDICTIONS_count, 27,       2187413
L0_ALL_PREDICTIONS_total_count, 27,       6541733

MAIN_ALL_PREDICTIONS_count, 27,       2187413
MAIN_ALL_PREDICTIONS_total_count, 27,       6541733

L0_ALL_RECOVER_AT_EXEC_count, 28,        484939
L0_ALL_RECOVER_AT_EXEC_total_count, 28,       1449237

MAIN_ALL_RECOVER_AT_EXEC_count, 28,         14506
MAIN_ALL_RECOVER_AT_EXEC_total_count, 28,         42566

L0_ALL_RECOVER_AT_DECODE_count, 29,             0
L0_ALL_RECOVER_AT_DECODE_total_count, 29,             0

MAIN_ALL_RECOVER_AT_DECODE_count, 29,            39
MAIN_ALL_RECOVER_AT_DECODE_total_count, 29,           960

L0_ALL_PREDICTIONS_OFFPATH_count, 30,       2711876
L0_ALL_PREDICTIONS_OFFPATH_total_count, 30,       7651160

MAIN_ALL_PREDICTIONS_OFFPATH_count, 30,       2711876
MAIN_ALL_PREDICTIONS_OFFPATH_total_count, 30,       7651160

L0_ALL_RECOVER_AT_EXEC_OFFPATH_count, 31,        709508
L0_ALL_RECOVER_AT_EXEC_OFFPATH_total_count, 31,       2028747

MAIN_ALL_RECOVER_AT_EXEC_OFFPATH_count, 31,        345529
MAIN_ALL_RECOVER_AT_EXEC_OFFPATH_total_count, 31,        978809

L0_ALL_RECOVER_AT_DECODE_OFFPATH_count, 32,             0
L0_ALL_RECOVER_AT_DECODE_OFFPATH_total_count, 32,             0

MAIN_ALL_RECOVER_AT_DECODE_OFFPATH_count, 32,            39
MAIN_ALL_RECOVER_AT_DECODE_OFFPATH_total_count, 32,           785

MAIN_CBR_CORRECT_count, 33,        584603
MAIN_CBR_CORRECT_total_count, 33,       1584509

MAIN_CBR_CORRECT_BTB_MISS_NT_NT_count, 33,       1012422
MAIN_CBR_CORRECT_BTB_MISS_NT_NT_total_count, 33,       3191948

MAIN_CBR_RECOVER_AT_EXEC_count, 33,          4888
MAIN_CBR_RECOVER_AT_EXEC_total_count, 33,         13906

MAIN_CBR_RECOVER_AT_DECODE_count, 33,             0
MAIN_CBR_RECOVER_AT_DECODE_total_count, 33,             0

MAIN_CBR_RECOVER_BTB_MISS_T_T_count, 33,            10
MAIN_CBR_RECOVER_BTB_MISS_T_T_total_count, 33,            22

MAIN_CBR_RECOVER_BTB_MISS_T_NT_count, 33,            56
MAIN_CBR_RECOVER_BTB_MISS_T_NT_total_count, 33,           295

MAIN_CBR_RECOVER_BTB_MISS_NT_T_count, 33,            30
MAIN_CBR_RECOVER_BTB_MISS_NT_T_total_count, 33,           797

MAIN_BR_CORRECT_count, 34,        110885
MAIN_BR_CORRECT_total_count, 34,        329356

MAIN_BR_RECOVER_count, 34,            16
MAIN_BR_RECOVER_total_count, 34,           396

MAIN_ICALL_CORRECT_IBTB_count, 35,         47038
MAIN_ICALL_CORRECT_IBTB_total_count, 35,        138721

MAIN_ICALL_CORRECT_BTB_count, 35,           681
MAIN_ICALL_CORRECT_BTB_total_count, 35,          1971

MAIN_ICALL_RECOVER_AT_EXEC_IBTB_count, 35,           999
MAIN_ICALL_RECOVER_AT_EXEC_IBTB_total_count, 35,          3208

MAIN_ICALL_RECOVER_AT_EXEC_BTB_count, 35,           171
MAIN_ICALL_RECOVER_AT_EXEC_BTB_total_count, 35,           449

MAIN_ICALL_RECOVER_AT_EXEC_XBTB_MISS_count, 35,             2
MAIN_ICALL_RECOVER_AT_EXEC_XBTB_MISS_total_count, 35,           172

MAIN_IBR_CORRECT_IBTB_count, 36,         68002
MAIN_IBR_CORRECT_IBTB_total_count, 36,        205697

MAIN_IBR_CORRECT_BTB_count, 36,          1923
MAIN_IBR_CORRECT_BTB_total_count, 36,          5711

MAIN_IBR_RECOVER_AT_EXEC_IBTB_count, 36,          3626
MAIN_IBR_RECOVER_AT_EXEC_IBTB_total_count, 36,          9676

MAIN_IBR_RECOVER_AT_EXEC_BTB_count, 36,          2724
MAIN_IBR_RECOVER_AT_EXEC_BTB_total_count, 36,          8046

MAIN_IBR_RECOVER_AT_EXEC_XBTB_MISS_count, 36,             0
MAIN_IBR_RECOVER_AT_EXEC_XBTB_MISS_total_count, 36,            88

MAIN_ICO_CORRECT_count, 37,             0
MAIN_ICO_CORRECT_total_count, 37,             0

MAIN_ICO_RECOVER_count, 37,             0
MAIN_ICO_RECOVER_total_count, 37,             0

MAIN_RET_CORRECT_count, 38,        197103
MAIN_RET_CORRECT_total_count, 38,        589713

MAIN_RET_RECOVER_count, 38,          2010
MAIN_RET_RECOVER_total_count, 38,          5916

MAIN_RET_RECOVER_UFLOW_count, 38,             0
MAIN_RET_RECOVER_UFLOW_total_count, 38,            13

MAIN_CALL_CORRECT_count, 39,        150211
MAIN_CALL_CORRECT_total_count, 39,        450581

MAIN_CALL_RECOVER_count, 39,            13
MAIN_CALL_RECOVER_total_count, 39,           542

L0_CBR_CORRECT_count, 40,        110672
L0_CBR_CORRECT_total_count, 40,        323911

L0_CBR_CORRECT_BTB_MISS_NT_NT_count, 40,       1290495
L0_CBR_CORRECT_BTB_MISS_NT_NT_total_count, 40,       3865357

L0_CBR_RECOVER_AT_EXEC_count, 40,         31637
L0_CBR_RECOVER_AT_EXEC_total_count, 40,         93769

L0_CBR_RECOVER_AT_DECODE_count, 40,             0
L0_CBR_RECOVER_AT_DECODE_total_count, 40,             0

L0_CBR_RECOVER_BTB_MISS_T_T_count, 40,         92460
L0_CBR_RECOVER_BTB_MISS_T_T_total_count, 40,        276975

L0_CBR_RECOVER_BTB_MISS_T_NT_count, 40,         30134
L0_CBR_RECOVER_BTB_MISS_T_NT_total_count, 40,         91380

L0_CBR_RECOVER_BTB_MISS_NT_T_count, 40,         46611
L0_CBR_RECOVER_BTB_MISS_NT_T_total_count, 40,        140085

L0_BR_CORRECT_count, 41,         35735
L0_BR_CORRECT_total_count, 41,        100912

L0_BR_RECOVER_count, 41,         75166
L0_BR_RECOVER_total_count, 41,        228840

L0_ICALL_CORRECT_IBTB_count, 42,             0
L0_ICALL_CORRECT_IBTB_total_count, 42,             0

L0_ICALL_CORRECT_BTB_count, 42,           368
L0_ICALL_CORRECT_BTB_total_count, 42,          1090

L0_ICALL_RECOVER_AT_EXEC_IBTB_count, 42,         48037
L0_ICALL_RECOVER_AT_EXEC_IBTB_total_count, 42,        141929

L0_ICALL_RECOVER_AT_EXEC_BTB_count, 42,            81
L0_ICALL_RECOVER_AT_EXEC_BTB_total_count, 42,           187

L0_ICALL_RECOVER_AT_EXEC_XBTB_MISS_count, 42,           405
L0_ICALL_RECOVER_AT_EXEC_XBTB_MISS_total_count, 42,          1315

L0_IBR_CORRECT_IBTB_count, 43,             8
L0_IBR_CORRECT_IBTB_total_count, 43,            14

L0_IBR_CORRECT_BTB_count, 43,          1233
L0_IBR_CORRECT_BTB_total_count, 43,          3832

L0_IBR_RECOVER_AT_EXEC_IBTB_count, 43,         71620
L0_IBR_RECOVER_AT_EXEC_IBTB_total_count, 43,        215359

L0_IBR_RECOVER_AT_EXEC_BTB_count, 43,          2072
L0_IBR_RECOVER_AT_EXEC_BTB_total_count, 43,          6159

L0_IBR_RECOVER_AT_EXEC_XBTB_MISS_count, 43,          1342
L0_IBR_RECOVER_AT_EXEC_XBTB_MISS_total_count, 43,          3854

L0_ICO_CORRECT_count, 44,             0
L0_ICO_CORRECT_total_count, 44,             0

L0_ICO_RECOVER_count, 44,             0
L0_ICO_RECOVER_total_count, 44,             0

L0_RET_CORRECT_count, 45,        197103
L0_RET_CORRECT_total_count, 45,        589713

L0_RET_RECOVER_count, 45,          2010
L0_RET_RECOVER_total_count, 45,          5916

L0_RET_RECOVER_UFLOW_count, 45,             0
L0_RET_RECOVER_UFLOW_total_count, 45,            13

L0_CALL_CORRECT_count, 46,         66860
L0_CALL_CORRECT_total_count, 46,        207667

L0_CALL_RECOVER_count, 46,         83364
L0_CALL_RECOVER_total_count, 46,        243456

MAIN_CBR_CORRECT_OFFPATH_count, 47,        579502
MAIN_CBR_CORRECT_OFFPATH_total_count, 47,       1507832

MAIN_CBR_CORRECT_BTB_MISS_NT_NT_OFFPATH_count, 47,       1210960
MAIN_CBR_CORRECT_BTB_MISS_NT_NT_OFFPATH_total_count, 47,       3536641

MAIN_CBR_RECOVER_AT_EXEC_OFFPATH_count, 47,        221246
MAIN_CBR_RECOVER_AT_EXEC_OFFPATH_total_count, 47,        607032

MAIN_CBR_RECOVER_AT_DECODE_OFFPATH_count, 47,             0
MAIN_CBR_RECOVER_AT_DECODE_OFFPATH_total_count, 47,             0

MAIN_CBR_RECOVER_BTB_MISS_T_T_OFFPATH_count, 47,            15
MAIN_CBR_RECOVER_BTB_MISS_T_T_OFFPATH_total_count, 47,            95

MAIN_CBR_RECOVER_BTB_MISS_T_NT_OFFPATH_count, 47,          6784
MAIN_CBR_RECOVER_BTB_MISS_T_NT_OFFPATH_total_count, 47,         19360

MAIN_CBR_RECOVER_BTB_MISS_NT_T_OFFPATH_count, 47,          1126
MAIN_CBR_RECOVER_BTB_MISS_NT_T_OFFPATH_total_count, 47,          2827

MAIN_BR_CORRECT_OFFPATH_count, 48,        137807
MAIN_BR_CORRECT_OFFPATH_total_count, 48,        388123

MAIN_BR_RECOVER_OFFPATH_count, 48,            10
MAIN_BR_RECOVER_OFFPATH_total_count, 48,           277

MAIN_ICALL_CORRECT_IBTB_OFFPATH_count, 49,         17426
MAIN_ICALL_CORRECT_IBTB_OFFPATH_total_count, 49,         51118

MAIN_ICALL_CORRECT_BTB_OFFPATH_count, 49,         36109
MAIN_ICALL_CORRECT_BTB_OFFPATH_total_count, 49,         96789

MAIN_ICALL_RECOVER_AT_EXEC_IBTB_OFFPATH_count, 49,          2047
MAIN_ICALL_RECOVER_AT_EXEC_IBTB_OFFPATH_total_count, 49,          7418

MAIN_ICALL_RECOVER_AT_EXEC_BTB_OFFPATH_count, 49,           411
MAIN_ICALL_RECOVER_AT_EXEC_BTB_OFFPATH_total_count, 49,          1478

MAIN_ICALL_RECOVER_AT_EXEC_XBTB_MISS_OFFPATH_count, 49,            12
MAIN_ICALL_RECOVER_AT_EXEC_XBTB_MISS_OFFPATH_total_count, 49,           231

MAIN_IBR_CORRECT_IBTB_OFFPATH_count, 50,         21665
MAIN_IBR_CORRECT_IBTB_OFFPATH_total_count, 50,         60387

MAIN_IBR_CORRECT_BTB_OFFPATH_count, 50,         45595
MAIN_IBR_CORRECT_BTB_OFFPATH_total_count, 50,        123588

MAIN_IBR_RECOVER_AT_EXEC_IBTB_OFFPATH_count, 50,         10761
MAIN_IBR_RECOVER_AT_EXEC_IBTB_OFFPATH_total_count, 50,         32233

MAIN_IBR_RECOVER_AT_EXEC_BTB_OFFPATH_count, 50,          6183
MAIN_IBR_RECOVER_AT_EXEC_BTB_OFFPATH_total_count, 50,         17990

MAIN_IBR_RECOVER_AT_EXEC_XBTB_MISS_OFFPATH_count, 50,             0
MAIN_IBR_RECOVER_AT_EXEC_XBTB_MISS_OFFPATH_total_count, 50,           192

MAIN_ICO_CORRECT_OFFPATH_count, 51,             0
MAIN_ICO_CORRECT_OFFPATH_total_count, 51,             0

MAIN_ICO_RECOVER_OFFPATH_count, 51,             0
MAIN_ICO_RECOVER_OFFPATH_total_count, 51,             0

MAIN_RET_CORRECT_OFFPATH_count, 52,        130976
MAIN_RET_CORRECT_OFFPATH_total_count, 52,        379468

MAIN_RET_RECOVER_OFFPATH_count, 52,         92371
MAIN_RET_RECOVER_OFFPATH_total_count, 52,        267639

MAIN_RET_RECOVER_UFLOW_OFFPATH_count, 52,          4588
MAIN_RET_RECOVER_UFLOW_OFFPATH_total_count, 52,         22409

MAIN_CALL_CORRECT_OFFPATH_count, 53,        186268
MAIN_CALL_CORRECT_OFFPATH_total_count, 53,        527620

MAIN_CALL_RECOVER_OFFPATH_count, 53,            14
MAIN_CALL_RECOVER_OFFPATH_total_count, 53,           413

L0_CBR_CORRECT_OFFPATH_count, 54,        151966
L0_CBR_CORRECT_OFFPATH_total_count, 54,        413565

L0_CBR_CORRECT_BTB_MISS_NT_NT_OFFPATH_count, 54,       1550624
L0_CBR_CORRECT_BTB_MISS_NT_NT_OFFPATH_total_count, 54,       4362289

L0_CBR_RECOVER_AT_EXEC_OFFPATH_count, 54,         48758
L0_CBR_RECOVER_AT_EXEC_OFFPATH_total_count, 54,        137592

L0_CBR_RECOVER_AT_DECODE_OFFPATH_count, 54,             0
L0_CBR_RECOVER_AT_DECODE_OFFPATH_total_count, 54,             0

L0_CBR_RECOVER_BTB_MISS_T_T_OFFPATH_count, 54,        138966
L0_CBR_RECOVER_BTB_MISS_T_T_OFFPATH_total_count, 54,        403871

L0_CBR_RECOVER_BTB_MISS_T_NT_OFFPATH_count, 54,         52570
L0_CBR_RECOVER_BTB_MISS_T_NT_OFFPATH_total_count, 54,        148482

L0_CBR_RECOVER_BTB_MISS_NT_T_OFFPATH_count, 54,         76749
L0_CBR_RECOVER_BTB_MISS_NT_T_OFFPATH_total_count, 54,        207988

L0_BR_CORRECT_OFFPATH_count, 55,         51592
L0_BR_CORRECT_OFFPATH_total_count, 55,        141411

L0_BR_RECOVER_OFFPATH_count, 55,         86225
L0_BR_RECOVER_OFFPATH_total_count, 55,        246989

L0_ICALL_CORRECT_IBTB_OFFPATH_count, 56,             0
L0_ICALL_CORRECT_IBTB_OFFPATH_total_count, 56,             0

L0_ICALL_CORRECT_BTB_OFFPATH_count, 56,         11849
L0_ICALL_CORRECT_BTB_OFFPATH_total_count, 56,         31077

L0_ICALL_RECOVER_AT_EXEC_IBTB_OFFPATH_count, 56,         19473
L0_ICALL_RECOVER_AT_EXEC_IBTB_OFFPATH_total_count, 56,         58536

L0_ICALL_RECOVER_AT_EXEC_BTB_OFFPATH_count, 56,           181
L0_ICALL_RECOVER_AT_EXEC_BTB_OFFPATH_total_count, 56,           628

L0_ICALL_RECOVER_AT_EXEC_XBTB_MISS_OFFPATH_count, 56,         24502
L0_ICALL_RECOVER_AT_EXEC_XBTB_MISS_OFFPATH_total_count, 56,         66793

L0_IBR_CORRECT_IBTB_OFFPATH_count, 57,            12
L0_IBR_CORRECT_IBTB_OFFPATH_total_count, 57,            24

L0_IBR_CORRECT_BTB_OFFPATH_count, 57,         20276
L0_IBR_CORRECT_BTB_OFFPATH_total_count, 57,         55019

L0_IBR_RECOVER_AT_EXEC_IBTB_OFFPATH_count, 57,         32414
L0_IBR_RECOVER_AT_EXEC_IBTB_OFFPATH_total_count, 57,         92596

L0_IBR_RECOVER_AT_EXEC_BTB_OFFPATH_count, 57,          3664
L0_IBR_RECOVER_AT_EXEC_BTB_OFFPATH_total_count, 57,         10102

L0_IBR_RECOVER_AT_EXEC_XBTB_MISS_OFFPATH_count, 57,         27838
L0_IBR_RECOVER_AT_EXEC_XBTB_MISS_OFFPATH_total_count, 57,         76649

L0_ICO_CORRECT_OFFPATH_count, 58,             0
L0_ICO_CORRECT_OFFPATH_total_count, 58,             0

L0_ICO_RECOVER_OFFPATH_count, 58,             0
L0_ICO_RECOVER_OFFPATH_total_count, 58,             0

L0_RET_CORRECT_OFFPATH_count, 59,        130976
L0_RET_CORRECT_OFFPATH_total_count, 59,        379468

L0_RET_RECOVER_OFFPATH_count, 59,         92371
L0_RET_RECOVER_OFFPATH_total_count, 59,        267639

L0_RET_RECOVER_UFLOW_OFFPATH_count, 59,          4588
L0_RET_RECOVER_UFLOW_OFFPATH_total_count, 59,         22409

L0_CALL_CORRECT_OFFPATH_count, 60,         85073
L0_CALL_CORRECT_OFFPATH_total_count, 60,        239560

L0_CALL_RECOVER_OFFPATH_count, 60,        101209
L0_CALL_RECOVER_OFFPATH_total_count, 60,        288473

ALL_BTB_CORRECT_count, 61,        858723
ALL_BTB_CORRECT_total_count, 61,       2421592

ALL_BTB_INCORRECT_BUT_TARGET_CORRECT_count, 61,            10
ALL_BTB_INCORRECT_BUT_TARGET_CORRECT_total_count, 61,            22

ALL_BTB_INCORRECT_count, 61,       1129567
ALL_BTB_INCORRECT_total_count, 61,       3524477

ALL_IBTB_CORRECT_count, 62,        115040
ALL_IBTB_CORRECT_total_count, 62,        344418

ALL_IBTB_INCORRECT_count, 62,         10126
ALL_IBTB_INCORRECT_total_count, 62,         29321

ALL_BTB_CORRECT_OFFPATH_count, 63,       1182376
ALL_BTB_CORRECT_OFFPATH_total_count, 63,       3177483

ALL_BTB_INCORRECT_BUT_TARGET_CORRECT_OFFPATH_count, 63,            34
ALL_BTB_INCORRECT_BUT_TARGET_CORRECT_OFFPATH_total_count, 63,            69

ALL_BTB_INCORRECT_OFFPATH_count, 63,       1301531
ALL_BTB_INCORRECT_OFFPATH_total_count, 63,       3804092

ALL_IBTB_CORRECT_OFFPATH_count, 64,         39091
ALL_IBTB_CORRECT_OFFPATH_total_count, 64,        111505

ALL_IBTB_INCORRECT_OFFPATH_count, 64,        101118
ALL_IBTB_INCORRECT_OFFPATH_total_count, 64,        279919

CRS_MISS_count, 65,          4020
CRS_MISS_total_count, 65,         11858

CRS_HIT_count, 65,        394206
CRS_HIT_total_count, 65,       1179426

CRS_MISS_OFFPATH_count, 66,        193918
CRS_MISS_OFFPATH_total_count, 66,        580096

CRS_HIT_OFFPATH_count, 66,        261952
CRS_HIT_OFFPATH_total_count, 66,        758936

CRS_CLOBBER_count, 0,             0
CRS_CLOBBER_total_count, 0,             0

IBTB_TARG_CACHE_MISS_count, 67,         10126
IBTB_TARG_CACHE_MISS_total_count, 67,         29321

IBTB_TARG_CACHE_HIT_count, 67,        115040
IBTB_TARG_CACHE_HIT_total_count, 67,        344418

IBTB_TARG_CACHE_MISS_OFFPATH_count, 68,        101118
IBTB_TARG_CACHE_MISS_OFFPATH_total_count, 68,        279919

IBTB_TARG_CACHE_HIT_OFFPATH_count, 68,         39091
IBTB_TARG_CACHE_HIT_OFFPATH_total_count, 68,        111505

IBTB_TARG_CACHE_WRITE_count, 69,        125166
IBTB_TARG_CACHE_WRITE_total_count, 69,        373739

IBTB_TARG_CACHE_WRITE_OFFPATH_count, 69,          4688
IBTB_TARG_CACHE_WRITE_OFFPATH_total_count, 69,         14836

BTB_WRITE_count, 70,        102403
BTB_WRITE_total_count, 70,        310775

BTB_WRITE_OFFPATH_count, 70,           111
BTB_WRITE_OFFPATH_total_count, 70,           454

BTB_L0_CORRECT_count, 71,        278925
BTB_L0_CORRECT_total_count, 71,        824883

BTB_L0_INCORRECT_BUT_TARGET_CORRECT_count, 71,            10
BTB_L0_INCORRECT_BUT_TARGET_CORRECT_total_count, 71,            22

BTB_L0_INCORRECT_count, 71,       1709365
BTB_L0_INCORRECT_total_count, 71,       5121186

BTB_L1_CORRECT_count, 72,        857577
BTB_L1_CORRECT_total_count, 72,       2418950

BTB_L1_INCORRECT_BUT_TARGET_CORRECT_count, 72,             1
BTB_L1_INCORRECT_BUT_TARGET_CORRECT_total_count, 72,             7

BTB_L1_INCORRECT_count, 72,       1130722
BTB_L1_INCORRECT_total_count, 72,       3527134

BTB_MAIN_CORRECT_count, 73,        858723
BTB_MAIN_CORRECT_total_count, 73,       2421592

BTB_MAIN_INCORRECT_BUT_TARGET_CORRECT_count, 73,            10
BTB_MAIN_INCORRECT_BUT_TARGET_CORRECT_total_count, 73,            22

BTB_MAIN_INCORRECT_count, 73,       1129567
BTB_MAIN_INCORRECT_total_count, 73,       3524477

BTB_L0_CORRECT_OFFPATH_count, 74,        395518
BTB_L0_CORRECT_OFFPATH_total_count, 74,       1087808

BTB_L0_INCORRECT_BUT_TARGET_CORRECT_OFFPATH_count, 74,            17
BTB_L0_INCORRECT_BUT_TARGET_CORRECT_OFFPATH_total_count, 74,            29

BTB_L0_INCORRECT_OFFPATH_count, 74,       2088406
BTB_L0_INCORRECT_OFFPATH_total_count, 74,       5893807

BTB_L1_CORRECT_OFFPATH_count, 75,       1180274
BTB_L1_CORRECT_OFFPATH_total_count, 75,       3172956

BTB_L1_INCORRECT_BUT_TARGET_CORRECT_OFFPATH_count, 75,             0
BTB_L1_INCORRECT_BUT_TARGET_CORRECT_OFFPATH_total_count, 75,             1

BTB_L1_INCORRECT_OFFPATH_count, 75,       1303667
BTB_L1_INCORRECT_OFFPATH_total_count, 75,       3808687

BTB_MAIN_CORRECT_OFFPATH_count, 76,       1182376
BTB_MAIN_CORRECT_OFFPATH_total_count, 76,       3177483

BTB_MAIN_INCORRECT_BUT_TARGET_CORRECT_OFFPATH_count, 76,            34
BTB_MAIN_INCORRECT_BUT_TARGET_CORRECT_OFFPATH_total_count, 76,            69

BTB_MAIN_INCORRECT_OFFPATH_count, 76,       1301531
BTB_MAIN_INCORRECT_OFFPATH_total_count, 76,       3804092

TARG_HYBRID_CORRECT_TAGLESS_count, 77,             0
TARG_HYBRID_CORRECT_TAGLESS_total_count, 77,             0

TARG_HYBRID_CORRECT_TAGGED_count, 77,             0
TARG_HYBRID_CORRECT_TAGGED_total_count, 77,             0

TARG_HYBRID_RECOVER_AT_EXEC_TAGLESS_count, 77,             0
TARG_HYBRID_RECOVER_AT_EXEC_TAGLESS_total_count, 77,             0

TARG_HYBRID_RECOVER_AT_EXEC_TAGGED_count, 77,             0
TARG_HYBRID_RECOVER_AT_EXEC_TAGGED_total_count, 77,             0

TARG_HYBRID_NO_PRED_count, 77,             0
TARG_HYBRID_NO_PRED_total_count, 77,             0

BP_L0_EARLY_RECOVERIES_count, 78,        484939
BP_L0_EARLY_RECOVERIES_total_count, 78,       1449237

BP_MAIN_EXEC_RECOVERIES_count, 78,         14506
BP_MAIN_EXEC_RECOVERIES_total_count, 78,         42566

BP_MAIN_DECODE_RECOVERIES_count, 78,            39
BP_MAIN_DECODE_RECOVERIES_total_count, 78,           960

SCHEDULED_L0_EARLY_RECOVERIES_count, 79,        471827
SCHEDULED_L0_EARLY_RECOVERIES_total_count, 79,       1409815

SCHEDULED_MAIN_EXEC_RECOVERIES_count, 79,         14506
SCHEDULED_MAIN_EXEC_RECOVERIES_total_count, 79,         42566

SCHEDULED_MAIN_DECODE_RECOVERIES_count, 79,            39
SCHEDULED_MAIN_DECODE_RECOVERIES_total_count, 79,           960

PERFORMED_RECOVERIES_count, 0,        486373
PERFORMED_RECOVERIES_total_count, 0,       1453341

PERFORMED_RECOVERY_LAT_count, 0,       2863622
PERFORMED_RECOVERY_LAT_total_count, 0,       8546509

SCHEDULED_MAIN_DECODE_LAT_count, 0,          1065
SCHEDULED_MAIN_DECODE_LAT_total_count, 0,         55735

SCHEDULED_MAIN_EXEC_LAT_count, 0,       1668856
SCHEDULED_MAIN_EXEC_LAT_total_count, 0,       4923100

SCHEDULED_L0_EARLY_LAT_count, 0,             0
SCHEDULED_L0_EARLY_LAT_total_count, 0,             0

MAIN_BRANCH_RESOLVE_AT_DECODE_LAT_1_count, 80,             0
MAIN_BRANCH_RESOLVE_AT_DECODE_LAT_1_total_count, 80,             0

MAIN_BRANCH_RESOLVE_AT_DECODE_LAT_2_count, 80,             1
MAIN_BRANCH_RESOLVE_AT_DECODE_LAT_2_total_count, 80,             2

MAIN_BRANCH_RESOLVE_AT_DECODE_LAT_3_count, 80,             0
MAIN_BRANCH_RESOLVE_AT_DECODE_LAT_3_total_count, 80,             0

MAIN_BRANCH_RESOLVE_AT_DECODE_LAT_4_count, 80,             0
MAIN_BRANCH_RESOLVE_AT_DECODE_LAT_4_total_count, 80,             1

MAIN_BRANCH_RESOLVE_AT_DECODE_LAT_5_count, 80,             0
MAIN_BRANCH_RESOLVE_AT_DECODE_LAT_5_total_count, 80,             0

MAIN_BRANCH_RESOLVE_AT_DECODE_LAT_6_count, 80,             0
MAIN_BRANCH_RESOLVE_AT_DECODE_LAT_6_total_count, 80,             0

MAIN_BRANCH_RESOLVE_AT_DECODE_LAT_7_count, 80,             0
MAIN_BRANCH_RESOLVE_AT_DECODE_LAT_7_total_count, 80,             0

MAIN_BRANCH_RESOLVE_AT_DECODE_LAT_8_count, 80,            11
MAIN_BRANCH_RESOLVE_AT_DECODE_LAT_8_total_count, 80,           296

MAIN_BRANCH_RESOLVE_AT_DECODE_LAT_9_count, 80,             2
MAIN_BRANCH_RESOLVE_AT_DECODE_LAT_9_total_count, 80,           121

MAIN_BRANCH_RESOLVE_AT_DECODE_LAT_10_count, 80,             0
MAIN_BRANCH_RESOLVE_AT_DECODE_LAT_10_total_count, 80,            32

MAIN_BRANCH_RESOLVE_AT_DECODE_LAT_11_count, 80,             1
MAIN_BRANCH_RESOLVE_AT_DECODE_LAT_11_total_count, 80,            13

MAIN_BRANCH_RESOLVE_AT_DECODE_LAT_12_count, 80,             1
MAIN_BRANCH_RESOLVE_AT_DECODE_LAT_12_total_count, 80,             8

MAIN_BRANCH_RESOLVE_AT_DECODE_LAT_13_count, 80,             0
MAIN_BRANCH_RESOLVE_AT_DECODE_LAT_13_total_count, 80,             6

MAIN_BRANCH_RESOLVE_AT_DECODE_LAT_14_count, 80,             1
MAIN_BRANCH_RESOLVE_AT_DECODE_LAT_14_total_count, 80,             3

MAIN_BRANCH_RESOLVE_AT_DECODE_LAT_15_count, 80,             0
MAIN_BRANCH_RESOLVE_AT_DECODE_LAT_15_total_count, 80,             2

MAIN_BRANCH_RESOLVE_AT_DECODE_LAT_16_count, 80,             0
MAIN_BRANCH_RESOLVE_AT_DECODE_LAT_16_total_count, 80,             4

MAIN_BRANCH_RESOLVE_AT_DECODE_LAT_17_count, 80,             0
MAIN_BRANCH_RESOLVE_AT_DECODE_LAT_17_total_count, 80,             6

MAIN_BRANCH_RESOLVE_AT_DECODE_LAT_18_count, 80,             0
MAIN_BRANCH_RESOLVE_AT_DECODE_LAT_18_total_count, 80,             5

MAIN_BRANCH_RESOLVE_AT_DECODE_LAT_19_count, 80,             0
MAIN_BRANCH_RESOLVE_AT_DECODE_LAT_19_total_count, 80,             2

MAIN_BRANCH_RESOLVE_AT_DECODE_LAT_20_count, 80,             1
MAIN_BRANCH_RESOLVE_AT_DECODE_LAT_20_total_count, 80,             8

MAIN_BRANCH_RESOLVE_AT_DECODE_LAT_21_count, 80,             1
MAIN_BRANCH_RESOLVE_AT_DECODE_LAT_21_total_count, 80,            13

MAIN_BRANCH_RESOLVE_AT_DECODE_LAT_22_count, 80,             0
MAIN_BRANCH_RESOLVE_AT_DECODE_LAT_22_total_count, 80,            24

MAIN_BRANCH_RESOLVE_AT_DECODE_LAT_23_count, 80,             2
MAIN_BRANCH_RESOLVE_AT_DECODE_LAT_23_total_count, 80,            30

MAIN_BRANCH_RESOLVE_AT_DECODE_LAT_24_count, 80,             2
MAIN_BRANCH_RESOLVE_AT_DECODE_LAT_24_total_count, 80,            17

MAIN_BRANCH_RESOLVE_AT_DECODE_LAT_25_count, 80,             7
MAIN_BRANCH_RESOLVE_AT_DECODE_LAT_25_total_count, 80,            84

MAIN_BRANCH_RESOLVE_AT_DECODE_LAT_26_count, 80,             4
MAIN_BRANCH_RESOLVE_AT_DECODE_LAT_26_total_count, 80,            47

MAIN_BRANCH_RESOLVE_AT_DECODE_LAT_27_count, 80,             0
MAIN_BRANCH_RESOLVE_AT_DECODE_LAT_27_total_count, 80,            17

MAIN_BRANCH_RESOLVE_AT_DECODE_LAT_28_count, 80,             0
MAIN_BRANCH_RESOLVE_AT_DECODE_LAT_28_total_count, 80,            10

MAIN_BRANCH_RESOLVE_AT_DECODE_LAT_29_count, 80,             0
MAIN_BRANCH_RESOLVE_AT_DECODE_LAT_29_total_count, 80,             1

MAIN_BRANCH_RESOLVE_AT_DECODE_LAT_30_count, 80,             0
MAIN_BRANCH_RESOLVE_AT_DECODE_LAT_30_total_count, 80,             1

MAIN_BRANCH_RESOLVE_AT_DECODE_LAT_31_count, 80,             0
MAIN_BRANCH_RESOLVE_AT_DECODE_LAT_31_total_count, 80,             3

MAIN_BRANCH_RESOLVE_AT_DECODE_LAT_32_count, 80,             1
MAIN_BRANCH_RESOLVE_AT_DECODE_LAT_32_total_count, 80,             2

MAIN_BRANCH_RESOLVE_AT_DECODE_LAT_33_count, 80,             0
MAIN_BRANCH_RESOLVE_AT_DECODE_LAT_33_total_count, 80,             0

MAIN_BRANCH_RESOLVE_AT_DECODE_LAT_34_count, 80,             0
MAIN_BRANCH_RESOLVE_AT_DECODE_LAT_34_total_count, 80,             0

MAIN_BRANCH_RESOLVE_AT_DECODE_LAT_35_count, 80,             0
MAIN_BRANCH_RESOLVE_AT_DECODE_LAT_35_total_count, 80,             2

MAIN_BRANCH_RESOLVE_AT_DECODE_LAT_36_count, 80,             0
MAIN_BRANCH_RESOLVE_AT_DECODE_LAT_36_total_count, 80,             1

MAIN_BRANCH_RESOLVE_AT_DECODE_LAT_37_count, 80,             0
MAIN_BRANCH_RESOLVE_AT_DECODE_LAT_37_total_count, 80,             1

MAIN_BRANCH_RESOLVE_AT_DECODE_LAT_38_count, 80,             0
MAIN_BRANCH_RESOLVE_AT_DECODE_LAT_38_total_count, 80,             3

MAIN_BRANCH_RESOLVE_AT_DECODE_LAT_39_count, 80,             0
MAIN_BRANCH_RESOLVE_AT_DECODE_LAT_39_total_count, 80,             2

MAIN_BRANCH_RESOLVE_AT_DECODE_LAT_40_count, 80,             0
MAIN_BRANCH_RESOLVE_AT_DECODE_LAT_40_total_count, 80,             0

MAIN_BRANCH_RESOLVE_AT_DECODE_LAT_41_count, 80,             0
MAIN_BRANCH_RESOLVE_AT_DECODE_LAT_41_total_count, 80,             1

MAIN_BRANCH_RESOLVE_AT_DECODE_LAT_42_count, 80,             0
MAIN_BRANCH_RESOLVE_AT_DECODE_LAT_42_total_count, 80,             1

MAIN_BRANCH_RESOLVE_AT_DECODE_LAT_43_count, 80,             0
MAIN_BRANCH_RESOLVE_AT_DECODE_LAT_43_total_count, 80,             1

MAIN_BRANCH_RESOLVE_AT_DECODE_LAT_44_count, 80,             0
MAIN_BRANCH_RESOLVE_AT_DECODE_LAT_44_total_count, 80,             1

MAIN_BRANCH_RESOLVE_AT_DECODE_LAT_45_count, 80,             0
MAIN_BRANCH_RESOLVE_AT_DECODE_LAT_45_total_count, 80,             1

MAIN_BRANCH_RESOLVE_AT_DECODE_LAT_46_count, 80,             0
MAIN_BRANCH_RESOLVE_AT_DECODE_LAT_46_total_count, 80,             1

MAIN_BRANCH_RESOLVE_AT_DECODE_LAT_47_count, 80,             0
MAIN_BRANCH_RESOLVE_AT_DECODE_LAT_47_total_count, 80,             0

MAIN_BRANCH_RESOLVE_AT_DECODE_LAT_48_count, 80,             0
MAIN_BRANCH_RESOLVE_AT_DECODE_LAT_48_total_count, 80,             0

MAIN_BRANCH_RESOLVE_AT_DECODE_LAT_49_count, 80,             0
MAIN_BRANCH_RESOLVE_AT_DECODE_LAT_49_total_count, 80,             0

MAIN_BRANCH_RESOLVE_AT_DECODE_LAT_50_count, 80,             0
MAIN_BRANCH_RESOLVE_AT_DECODE_LAT_50_total_count, 80,             1

MAIN_BRANCH_RESOLVE_AT_DECODE_LAT_51_count, 80,             0
MAIN_BRANCH_RESOLVE_AT_DECODE_LAT_51_total_count, 80,             0

MAIN_BRANCH_RESOLVE_AT_DECODE_LAT_52_count, 80,             0
MAIN_BRANCH_RESOLVE_AT_DECODE_LAT_52_total_count, 80,             0

MAIN_BRANCH_RESOLVE_AT_DECODE_LAT_53_count, 80,             0
MAIN_BRANCH_RESOLVE_AT_DECODE_LAT_53_total_count, 80,             0

MAIN_BRANCH_RESOLVE_AT_DECODE_LAT_54_count, 80,             0
MAIN_BRANCH_RESOLVE_AT_DECODE_LAT_54_total_count, 80,             0

MAIN_BRANCH_RESOLVE_AT_DECODE_LAT_55_count, 80,             0
MAIN_BRANCH_RESOLVE_AT_DECODE_LAT_55_total_count, 80,             1

MAIN_BRANCH_RESOLVE_AT_DECODE_LAT_56_count, 80,             0
MAIN_BRANCH_RESOLVE_AT_DECODE_LAT_56_total_count, 80,             1

MAIN_BRANCH_RESOLVE_AT_DECODE_LAT_57_count, 80,             0
MAIN_BRANCH_RESOLVE_AT_DECODE_LAT_57_total_count, 80,             0

MAIN_BRANCH_RESOLVE_AT_DECODE_LAT_58_count, 80,             0
MAIN_BRANCH_RESOLVE_AT_DECODE_LAT_58_total_count, 80,             2

MAIN_BRANCH_RESOLVE_AT_DECODE_LAT_59_count, 80,             1
MAIN_BRANCH_RESOLVE_AT_DECODE_LAT_59_total_count, 80,             1

MAIN_BRANCH_RESOLVE_AT_DECODE_LAT_60_count, 80,             0
MAIN_BRANCH_RESOLVE_AT_DECODE_LAT_60_total_count, 80,             3

MAIN_BRANCH_RESOLVE_AT_DECODE_LAT_61_count, 80,             0
MAIN_BRANCH_RESOLVE_AT_DECODE_LAT_61_total_count, 80,             0

MAIN_BRANCH_RESOLVE_AT_DECODE_LAT_62_count, 80,             0
MAIN_BRANCH_RESOLVE_AT_DECODE_LAT_62_total_count, 80,             1

MAIN_BRANCH_RESOLVE_AT_DECODE_LAT_63_count, 80,             0
MAIN_BRANCH_RESOLVE_AT_DECODE_LAT_63_total_count, 80,             0

MAIN_BRANCH_RESOLVE_AT_DECODE_LAT_64_count, 80,             0
MAIN_BRANCH_RESOLVE_AT_DECODE_LAT_64_total_count, 80,             4

MAIN_BRANCH_RESOLVE_AT_DECODE_LAT_65_count, 80,             1
MAIN_BRANCH_RESOLVE_AT_DECODE_LAT_65_total_count, 80,             2

MAIN_BRANCH_RESOLVE_AT_DECODE_LAT_66_count, 80,             0
MAIN_BRANCH_RESOLVE_AT_DECODE_LAT_66_total_count, 80,             1

MAIN_BRANCH_RESOLVE_AT_DECODE_LAT_67_count, 80,             0
MAIN_BRANCH_RESOLVE_AT_DECODE_LAT_67_total_count, 80,             0

MAIN_BRANCH_RESOLVE_AT_DECODE_LAT_68_count, 80,             0
MAIN_BRANCH_RESOLVE_AT_DECODE_LAT_68_total_count, 80,             0

MAIN_BRANCH_RESOLVE_AT_DECODE_LAT_69_count, 80,             0
MAIN_BRANCH_RESOLVE_AT_DECODE_LAT_69_total_count, 80,             0

MAIN_BRANCH_RESOLVE_AT_DECODE_LAT_70_count, 80,             0
MAIN_BRANCH_RESOLVE_AT_DECODE_LAT_70_total_count, 80,             0

MAIN_BRANCH_RESOLVE_AT_DECODE_LAT_71_count, 80,             0
MAIN_BRANCH_RESOLVE_AT_DECODE_LAT_71_total_count, 80,             0

MAIN_BRANCH_RESOLVE_AT_DECODE_LAT_72_count, 80,             0
MAIN_BRANCH_RESOLVE_AT_DECODE_LAT_72_total_count, 80,             0

MAIN_BRANCH_RESOLVE_AT_DECODE_LAT_73_count, 80,             0
MAIN_BRANCH_RESOLVE_AT_DECODE_LAT_73_total_count, 80,             0

MAIN_BRANCH_RESOLVE_AT_DECODE_LAT_74_count, 80,             0
MAIN_BRANCH_RESOLVE_AT_DECODE_LAT_74_total_count, 80,             1

MAIN_BRANCH_RESOLVE_AT_DECODE_LAT_75_count, 80,             0
MAIN_BRANCH_RESOLVE_AT_DECODE_LAT_75_total_count, 80,             0

MAIN_BRANCH_RESOLVE_AT_DECODE_LAT_76_count, 80,             0
MAIN_BRANCH_RESOLVE_AT_DECODE_LAT_76_total_count, 80,             0

MAIN_BRANCH_RESOLVE_AT_DECODE_LAT_77_count, 80,             0
MAIN_BRANCH_RESOLVE_AT_DECODE_LAT_77_total_count, 80,             1

MAIN_BRANCH_RESOLVE_AT_DECODE_LAT_78_count, 80,             0
MAIN_BRANCH_RESOLVE_AT_DECODE_LAT_78_total_count, 80,             0

MAIN_BRANCH_RESOLVE_AT_DECODE_LAT_79_count, 80,             0
MAIN_BRANCH_RESOLVE_AT_DECODE_LAT_79_total_count, 80,             1

MAIN_BRANCH_RESOLVE_AT_DECODE_LAT_80_count, 80,             0
MAIN_BRANCH_RESOLVE_AT_DECODE_LAT_80_total_count, 80,             0

MAIN_BRANCH_RESOLVE_AT_DECODE_LAT_81_count, 80,             0
MAIN_BRANCH_RESOLVE_AT_DECODE_LAT_81_total_count, 80,             0

MAIN_BRANCH_RESOLVE_AT_DECODE_LAT_82_count, 80,             0
MAIN_BRANCH_RESOLVE_AT_DECODE_LAT_82_total_count, 80,             0

MAIN_BRANCH_RESOLVE_AT_DECODE_LAT_83_count, 80,             0
MAIN_BRANCH_RESOLVE_AT_DECODE_LAT_83_total_count, 80,             0

MAIN_BRANCH_RESOLVE_AT_DECODE_LAT_84_count, 80,             0
MAIN_BRANCH_RESOLVE_AT_DECODE_LAT_84_total_count, 80,             0

MAIN_BRANCH_RESOLVE_AT_DECODE_LAT_85_count, 80,             0
MAIN_BRANCH_RESOLVE_AT_DECODE_LAT_85_total_count, 80,             0

MAIN_BRANCH_RESOLVE_AT_DECODE_LAT_86_count, 80,             0
MAIN_BRANCH_RESOLVE_AT_DECODE_LAT_86_total_count, 80,             0

MAIN_BRANCH_RESOLVE_AT_DECODE_LAT_87_count, 80,             0
MAIN_BRANCH_RESOLVE_AT_DECODE_LAT_87_total_count, 80,             0

MAIN_BRANCH_RESOLVE_AT_DECODE_LAT_88_count, 80,             0
MAIN_BRANCH_RESOLVE_AT_DECODE_LAT_88_total_count, 80,             0

MAIN_BRANCH_RESOLVE_AT_DECODE_LAT_89_count, 80,             0
MAIN_BRANCH_RESOLVE_AT_DECODE_LAT_89_total_count, 80,             0

MAIN_BRANCH_RESOLVE_AT_DECODE_LAT_90_count, 80,             0
MAIN_BRANCH_RESOLVE_AT_DECODE_LAT_90_total_count, 80,             0

MAIN_BRANCH_RESOLVE_AT_DECODE_LAT_91_count, 80,             0
MAIN_BRANCH_RESOLVE_AT_DECODE_LAT_91_total_count, 80,             0

MAIN_BRANCH_RESOLVE_AT_DECODE_LAT_92_count, 80,             0
MAIN_BRANCH_RESOLVE_AT_DECODE_LAT_92_total_count, 80,             0

MAIN_BRANCH_RESOLVE_AT_DECODE_LAT_93_count, 80,             0
MAIN_BRANCH_RESOLVE_AT_DECODE_LAT_93_total_count, 80,             0

MAIN_BRANCH_RESOLVE_AT_DECODE_LAT_94_count, 80,             0
MAIN_BRANCH_RESOLVE_AT_DECODE_LAT_94_total_count, 80,             0

MAIN_BRANCH_RESOLVE_AT_DECODE_LAT_95_count, 80,             0
MAIN_BRANCH_RESOLVE_AT_DECODE_LAT_95_total_count, 80,             0

MAIN_BRANCH_RESOLVE_AT_DECODE_LAT_96_count, 80,             0
MAIN_BRANCH_RESOLVE_AT_DECODE_LAT_96_total_count, 80,             0

MAIN_BRANCH_RESOLVE_AT_DECODE_LAT_97_count, 80,             0
MAIN_BRANCH_RESOLVE_AT_DECODE_LAT_97_total_count, 80,             0

MAIN_BRANCH_RESOLVE_AT_DECODE_LAT_98_count, 80,             0
MAIN_BRANCH_RESOLVE_AT_DECODE_LAT_98_total_count, 80,             0

MAIN_BRANCH_RESOLVE_AT_DECODE_LAT_99_count, 80,             0
MAIN_BRANCH_RESOLVE_AT_DECODE_LAT_99_total_count, 80,             0

MAIN_BRANCH_RESOLVE_AT_DECODE_LAT_100_count, 80,             0
MAIN_BRANCH_RESOLVE_AT_DECODE_LAT_100_total_count, 80,             0

MAIN_BRANCH_RESOLVE_AT_DECODE_LAT_GT100_count, 80,             2
MAIN_BRANCH_RESOLVE_AT_DECODE_LAT_GT100_total_count, 80,           167

MAIN_BRANCH_RESOLVE_AT_EXEC_LAT_1_count, 81,             0
MAIN_BRANCH_RESOLVE_AT_EXEC_LAT_1_total_count, 81,             0

MAIN_BRANCH_RESOLVE_AT_EXEC_LAT_2_count, 81,             0
MAIN_BRANCH_RESOLVE_AT_EXEC_LAT_2_total_count, 81,             0

MAIN_BRANCH_RESOLVE_AT_EXEC_LAT_3_count, 81,             0
MAIN_BRANCH_RESOLVE_AT_EXEC_LAT_3_total_count, 81,             0

MAIN_BRANCH_RESOLVE_AT_EXEC_LAT_4_count, 81,             0
MAIN_BRANCH_RESOLVE_AT_EXEC_LAT_4_total_count, 81,             0

MAIN_BRANCH_RESOLVE_AT_EXEC_LAT_5_count, 81,             0
MAIN_BRANCH_RESOLVE_AT_EXEC_LAT_5_total_count, 81,             0

MAIN_BRANCH_RESOLVE_AT_EXEC_LAT_6_count, 81,             0
MAIN_BRANCH_RESOLVE_AT_EXEC_LAT_6_total_count, 81,             0

MAIN_BRANCH_RESOLVE_AT_EXEC_LAT_7_count, 81,             0
MAIN_BRANCH_RESOLVE_AT_EXEC_LAT_7_total_count, 81,             0

MAIN_BRANCH_RESOLVE_AT_EXEC_LAT_8_count, 81,             0
MAIN_BRANCH_RESOLVE_AT_EXEC_LAT_8_total_count, 81,             0

MAIN_BRANCH_RESOLVE_AT_EXEC_LAT_9_count, 81,             0
MAIN_BRANCH_RESOLVE_AT_EXEC_LAT_9_total_count, 81,             0

MAIN_BRANCH_RESOLVE_AT_EXEC_LAT_10_count, 81,           148
MAIN_BRANCH_RESOLVE_AT_EXEC_LAT_10_total_count, 81,           427

MAIN_BRANCH_RESOLVE_AT_EXEC_LAT_11_count, 81,           161
MAIN_BRANCH_RESOLVE_AT_EXEC_LAT_11_total_count, 81,           483

MAIN_BRANCH_RESOLVE_AT_EXEC_LAT_12_count, 81,            47
MAIN_BRANCH_RESOLVE_AT_EXEC_LAT_12_total_count, 81,           210

MAIN_BRANCH_RESOLVE_AT_EXEC_LAT_13_count, 81,            35
MAIN_BRANCH_RESOLVE_AT_EXEC_LAT_13_total_count, 81,           132

MAIN_BRANCH_RESOLVE_AT_EXEC_LAT_14_count, 81,            50
MAIN_BRANCH_RESOLVE_AT_EXEC_LAT_14_total_count, 81,           150

MAIN_BRANCH_RESOLVE_AT_EXEC_LAT_15_count, 81,            27
MAIN_BRANCH_RESOLVE_AT_EXEC_LAT_15_total_count, 81,           110

MAIN_BRANCH_RESOLVE_AT_EXEC_LAT_16_count, 81,            51
MAIN_BRANCH_RESOLVE_AT_EXEC_LAT_16_total_count, 81,           158

MAIN_BRANCH_RESOLVE_AT_EXEC_LAT_17_count, 81,           363
MAIN_BRANCH_RESOLVE_AT_EXEC_LAT_17_total_count, 81,          1361

MAIN_BRANCH_RESOLVE_AT_EXEC_LAT_18_count, 81,           321
MAIN_BRANCH_RESOLVE_AT_EXEC_LAT_18_total_count, 81,          1016

MAIN_BRANCH_RESOLVE_AT_EXEC_LAT_19_count, 81,           191
MAIN_BRANCH_RESOLVE_AT_EXEC_LAT_19_total_count, 81,           609

MAIN_BRANCH_RESOLVE_AT_EXEC_LAT_20_count, 81,           164
MAIN_BRANCH_RESOLVE_AT_EXEC_LAT_20_total_count, 81,           394

MAIN_BRANCH_RESOLVE_AT_EXEC_LAT_21_count, 81,            78
MAIN_BRANCH_RESOLVE_AT_EXEC_LAT_21_total_count, 81,           211

MAIN_BRANCH_RESOLVE_AT_EXEC_LAT_22_count, 81,           100
MAIN_BRANCH_RESOLVE_AT_EXEC_LAT_22_total_count, 81,           205

MAIN_BRANCH_RESOLVE_AT_EXEC_LAT_23_count, 81,           221
MAIN_BRANCH_RESOLVE_AT_EXEC_LAT_23_total_count, 81,           614

MAIN_BRANCH_RESOLVE_AT_EXEC_LAT_24_count, 81,           424
MAIN_BRANCH_RESOLVE_AT_EXEC_LAT_24_total_count, 81,          1339

MAIN_BRANCH_RESOLVE_AT_EXEC_LAT_25_count, 81,            90
MAIN_BRANCH_RESOLVE_AT_EXEC_LAT_25_total_count, 81,           190

MAIN_BRANCH_RESOLVE_AT_EXEC_LAT_26_count, 81,           115
MAIN_BRANCH_RESOLVE_AT_EXEC_LAT_26_total_count, 81,           399

MAIN_BRANCH_RESOLVE_AT_EXEC_LAT_27_count, 81,            51
MAIN_BRANCH_RESOLVE_AT_EXEC_LAT_27_total_count, 81,           110

MAIN_BRANCH_RESOLVE_AT_EXEC_LAT_28_count, 81,            42
MAIN_BRANCH_RESOLVE_AT_EXEC_LAT_28_total_count, 81,           115

MAIN_BRANCH_RESOLVE_AT_EXEC_LAT_29_count, 81,            53
MAIN_BRANCH_RESOLVE_AT_EXEC_LAT_29_total_count, 81,           147

MAIN_BRANCH_RESOLVE_AT_EXEC_LAT_30_count, 81,           382
MAIN_BRANCH_RESOLVE_AT_EXEC_LAT_30_total_count, 81,          1366

MAIN_BRANCH_RESOLVE_AT_EXEC_LAT_31_count, 81,           384
MAIN_BRANCH_RESOLVE_AT_EXEC_LAT_31_total_count, 81,           764

MAIN_BRANCH_RESOLVE_AT_EXEC_LAT_32_count, 81,           117
MAIN_BRANCH_RESOLVE_AT_EXEC_LAT_32_total_count, 81,           284

MAIN_BRANCH_RESOLVE_AT_EXEC_LAT_33_count, 81,           264
MAIN_BRANCH_RESOLVE_AT_EXEC_LAT_33_total_count, 81,           918

MAIN_BRANCH_RESOLVE_AT_EXEC_LAT_34_count, 81,           209
MAIN_BRANCH_RESOLVE_AT_EXEC_LAT_34_total_count, 81,           694

MAIN_BRANCH_RESOLVE_AT_EXEC_LAT_35_count, 81,           185
MAIN_BRANCH_RESOLVE_AT_EXEC_LAT_35_total_count, 81,           445

MAIN_BRANCH_RESOLVE_AT_EXEC_LAT_36_count, 81,           144
MAIN_BRANCH_RESOLVE_AT_EXEC_LAT_36_total_count, 81,           541

MAIN_BRANCH_RESOLVE_AT_EXEC_LAT_37_count, 81,           150
MAIN_BRANCH_RESOLVE_AT_EXEC_LAT_37_total_count, 81,           353

MAIN_BRANCH_RESOLVE_AT_EXEC_LAT_38_count, 81,            60
MAIN_BRANCH_RESOLVE_AT_EXEC_LAT_38_total_count, 81,           147

MAIN_BRANCH_RESOLVE_AT_EXEC_LAT_39_count, 81,            54
MAIN_BRANCH_RESOLVE_AT_EXEC_LAT_39_total_count, 81,           326

MAIN_BRANCH_RESOLVE_AT_EXEC_LAT_40_count, 81,            49
MAIN_BRANCH_RESOLVE_AT_EXEC_LAT_40_total_count, 81,           183

MAIN_BRANCH_RESOLVE_AT_EXEC_LAT_41_count, 81,           183
MAIN_BRANCH_RESOLVE_AT_EXEC_LAT_41_total_count, 81,           566

MAIN_BRANCH_RESOLVE_AT_EXEC_LAT_42_count, 81,            59
MAIN_BRANCH_RESOLVE_AT_EXEC_LAT_42_total_count, 81,           255

MAIN_BRANCH_RESOLVE_AT_EXEC_LAT_43_count, 81,            52
MAIN_BRANCH_RESOLVE_AT_EXEC_LAT_43_total_count, 81,           102

MAIN_BRANCH_RESOLVE_AT_EXEC_LAT_44_count, 81,           144
MAIN_BRANCH_RESOLVE_AT_EXEC_LAT_44_total_count, 81,           393

MAIN_BRANCH_RESOLVE_AT_EXEC_LAT_45_count, 81,            37
MAIN_BRANCH_RESOLVE_AT_EXEC_LAT_45_total_count, 81,            96

MAIN_BRANCH_RESOLVE_AT_EXEC_LAT_46_count, 81,            50
MAIN_BRANCH_RESOLVE_AT_EXEC_LAT_46_total_count, 81,           123

MAIN_BRANCH_RESOLVE_AT_EXEC_LAT_47_count, 81,            47
MAIN_BRANCH_RESOLVE_AT_EXEC_LAT_47_total_count, 81,           110

MAIN_BRANCH_RESOLVE_AT_EXEC_LAT_48_count, 81,            47
MAIN_BRANCH_RESOLVE_AT_EXEC_LAT_48_total_count, 81,           110

MAIN_BRANCH_RESOLVE_AT_EXEC_LAT_49_count, 81,            33
MAIN_BRANCH_RESOLVE_AT_EXEC_LAT_49_total_count, 81,            84

MAIN_BRANCH_RESOLVE_AT_EXEC_LAT_50_count, 81,            29
MAIN_BRANCH_RESOLVE_AT_EXEC_LAT_50_total_count, 81,            92

MAIN_BRANCH_RESOLVE_AT_EXEC_LAT_51_count, 81,            26
MAIN_BRANCH_RESOLVE_AT_EXEC_LAT_51_total_count, 81,           101

MAIN_BRANCH_RESOLVE_AT_EXEC_LAT_52_count, 81,           116
MAIN_BRANCH_RESOLVE_AT_EXEC_LAT_52_total_count, 81,           242

MAIN_BRANCH_RESOLVE_AT_EXEC_LAT_53_count, 81,            37
MAIN_BRANCH_RESOLVE_AT_EXEC_LAT_53_total_count, 81,           123

MAIN_BRANCH_RESOLVE_AT_EXEC_LAT_54_count, 81,           108
MAIN_BRANCH_RESOLVE_AT_EXEC_LAT_54_total_count, 81,           463

MAIN_BRANCH_RESOLVE_AT_EXEC_LAT_55_count, 81,            90
MAIN_BRANCH_RESOLVE_AT_EXEC_LAT_55_total_count, 81,           392

MAIN_BRANCH_RESOLVE_AT_EXEC_LAT_56_count, 81,            54
MAIN_BRANCH_RESOLVE_AT_EXEC_LAT_56_total_count, 81,           111

MAIN_BRANCH_RESOLVE_AT_EXEC_LAT_57_count, 81,            90
MAIN_BRANCH_RESOLVE_AT_EXEC_LAT_57_total_count, 81,           322

MAIN_BRANCH_RESOLVE_AT_EXEC_LAT_58_count, 81,           101
MAIN_BRANCH_RESOLVE_AT_EXEC_LAT_58_total_count, 81,           326

MAIN_BRANCH_RESOLVE_AT_EXEC_LAT_59_count, 81,           115
MAIN_BRANCH_RESOLVE_AT_EXEC_LAT_59_total_count, 81,           392

MAIN_BRANCH_RESOLVE_AT_EXEC_LAT_60_count, 81,           202
MAIN_BRANCH_RESOLVE_AT_EXEC_LAT_60_total_count, 81,           675

MAIN_BRANCH_RESOLVE_AT_EXEC_LAT_61_count, 81,           224
MAIN_BRANCH_RESOLVE_AT_EXEC_LAT_61_total_count, 81,           262

MAIN_BRANCH_RESOLVE_AT_EXEC_LAT_62_count, 81,            22
MAIN_BRANCH_RESOLVE_AT_EXEC_LAT_62_total_count, 81,            47

MAIN_BRANCH_RESOLVE_AT_EXEC_LAT_63_count, 81,            33
MAIN_BRANCH_RESOLVE_AT_EXEC_LAT_63_total_count, 81,            99

MAIN_BRANCH_RESOLVE_AT_EXEC_LAT_64_count, 81,            35
MAIN_BRANCH_RESOLVE_AT_EXEC_LAT_64_total_count, 81,            76

MAIN_BRANCH_RESOLVE_AT_EXEC_LAT_65_count, 81,            28
MAIN_BRANCH_RESOLVE_AT_EXEC_LAT_65_total_count, 81,            56

MAIN_BRANCH_RESOLVE_AT_EXEC_LAT_66_count, 81,            17
MAIN_BRANCH_RESOLVE_AT_EXEC_LAT_66_total_count, 81,            39

MAIN_BRANCH_RESOLVE_AT_EXEC_LAT_67_count, 81,            14
MAIN_BRANCH_RESOLVE_AT_EXEC_LAT_67_total_count, 81,            34

MAIN_BRANCH_RESOLVE_AT_EXEC_LAT_68_count, 81,            23
MAIN_BRANCH_RESOLVE_AT_EXEC_LAT_68_total_count, 81,            59

MAIN_BRANCH_RESOLVE_AT_EXEC_LAT_69_count, 81,            20
MAIN_BRANCH_RESOLVE_AT_EXEC_LAT_69_total_count, 81,            64

MAIN_BRANCH_RESOLVE_AT_EXEC_LAT_70_count, 81,            45
MAIN_BRANCH_RESOLVE_AT_EXEC_LAT_70_total_count, 81,           222

MAIN_BRANCH_RESOLVE_AT_EXEC_LAT_71_count, 81,            20
MAIN_BRANCH_RESOLVE_AT_EXEC_LAT_71_total_count, 81,            78

MAIN_BRANCH_RESOLVE_AT_EXEC_LAT_72_count, 81,            26
MAIN_BRANCH_RESOLVE_AT_EXEC_LAT_72_total_count, 81,           132

MAIN_BRANCH_RESOLVE_AT_EXEC_LAT_73_count, 81,            66
MAIN_BRANCH_RESOLVE_AT_EXEC_LAT_73_total_count, 81,           166

MAIN_BRANCH_RESOLVE_AT_EXEC_LAT_74_count, 81,            47
MAIN_BRANCH_RESOLVE_AT_EXEC_LAT_74_total_count, 81,           118

MAIN_BRANCH_RESOLVE_AT_EXEC_LAT_75_count, 81,            64
MAIN_BRANCH_RESOLVE_AT_EXEC_LAT_75_total_count, 81,           104

MAIN_BRANCH_RESOLVE_AT_EXEC_LAT_76_count, 81,           202
MAIN_BRANCH_RESOLVE_AT_EXEC_LAT_76_total_count, 81,           517

MAIN_BRANCH_RESOLVE_AT_EXEC_LAT_77_count, 81,            37
MAIN_BRANCH_RESOLVE_AT_EXEC_LAT_77_total_count, 81,           319

MAIN_BRANCH_RESOLVE_AT_EXEC_LAT_78_count, 81,           106
MAIN_BRANCH_RESOLVE_AT_EXEC_LAT_78_total_count, 81,           171

MAIN_BRANCH_RESOLVE_AT_EXEC_LAT_79_count, 81,           159
MAIN_BRANCH_RESOLVE_AT_EXEC_LAT_79_total_count, 81,           334

MAIN_BRANCH_RESOLVE_AT_EXEC_LAT_80_count, 81,            78
MAIN_BRANCH_RESOLVE_AT_EXEC_LAT_80_total_count, 81,           245

MAIN_BRANCH_RESOLVE_AT_EXEC_LAT_81_count, 81,            68
MAIN_BRANCH_RESOLVE_AT_EXEC_LAT_81_total_count, 81,           317

MAIN_BRANCH_RESOLVE_AT_EXEC_LAT_82_count, 81,            49
MAIN_BRANCH_RESOLVE_AT_EXEC_LAT_82_total_count, 81,           134

MAIN_BRANCH_RESOLVE_AT_EXEC_LAT_83_count, 81,            42
MAIN_BRANCH_RESOLVE_AT_EXEC_LAT_83_total_count, 81,           119

MAIN_BRANCH_RESOLVE_AT_EXEC_LAT_84_count, 81,            50
MAIN_BRANCH_RESOLVE_AT_EXEC_LAT_84_total_count, 81,           260

MAIN_BRANCH_RESOLVE_AT_EXEC_LAT_85_count, 81,            36
MAIN_BRANCH_RESOLVE_AT_EXEC_LAT_85_total_count, 81,           179

MAIN_BRANCH_RESOLVE_AT_EXEC_LAT_86_count, 81,            23
MAIN_BRANCH_RESOLVE_AT_EXEC_LAT_86_total_count, 81,            78

MAIN_BRANCH_RESOLVE_AT_EXEC_LAT_87_count, 81,            37
MAIN_BRANCH_RESOLVE_AT_EXEC_LAT_87_total_count, 81,           158

MAIN_BRANCH_RESOLVE_AT_EXEC_LAT_88_count, 81,            52
MAIN_BRANCH_RESOLVE_AT_EXEC_LAT_88_total_count, 81,           160

MAIN_BRANCH_RESOLVE_AT_EXEC_LAT_89_count, 81,            29
MAIN_BRANCH_RESOLVE_AT_EXEC_LAT_89_total_count, 81,           105

MAIN_BRANCH_RESOLVE_AT_EXEC_LAT_90_count, 81,            70
MAIN_BRANCH_RESOLVE_AT_EXEC_LAT_90_total_count, 81,           111

MAIN_BRANCH_RESOLVE_AT_EXEC_LAT_91_count, 81,            30
MAIN_BRANCH_RESOLVE_AT_EXEC_LAT_91_total_count, 81,            60

MAIN_BRANCH_RESOLVE_AT_EXEC_LAT_92_count, 81,            60
MAIN_BRANCH_RESOLVE_AT_EXEC_LAT_92_total_count, 81,           200

MAIN_BRANCH_RESOLVE_AT_EXEC_LAT_93_count, 81,            52
MAIN_BRANCH_RESOLVE_AT_EXEC_LAT_93_total_count, 81,           153

MAIN_BRANCH_RESOLVE_AT_EXEC_LAT_94_count, 81,           143
MAIN_BRANCH_RESOLVE_AT_EXEC_LAT_94_total_count, 81,           442

MAIN_BRANCH_RESOLVE_AT_EXEC_LAT_95_count, 81,           166
MAIN_BRANCH_RESOLVE_AT_EXEC_LAT_95_total_count, 81,           427

MAIN_BRANCH_RESOLVE_AT_EXEC_LAT_96_count, 81,           147
MAIN_BRANCH_RESOLVE_AT_EXEC_LAT_96_total_count, 81,           335

MAIN_BRANCH_RESOLVE_AT_EXEC_LAT_97_count, 81,            51
MAIN_BRANCH_RESOLVE_AT_EXEC_LAT_97_total_count, 81,           112

MAIN_BRANCH_RESOLVE_AT_EXEC_LAT_98_count, 81,            22
MAIN_BRANCH_RESOLVE_AT_EXEC_LAT_98_total_count, 81,            59

MAIN_BRANCH_RESOLVE_AT_EXEC_LAT_99_count, 81,            60
MAIN_BRANCH_RESOLVE_AT_EXEC_LAT_99_total_count, 81,            99

MAIN_BRANCH_RESOLVE_AT_EXEC_LAT_100_count, 81,            22
MAIN_BRANCH_RESOLVE_AT_EXEC_LAT_100_total_count, 81,            53

MAIN_BRANCH_RESOLVE_AT_EXEC_LAT_GT100_count, 81,          5681
MAIN_BRANCH_RESOLVE_AT_EXEC_LAT_GT100_total_count, 81,         16384

PRED_TO_UPDATE_CYCLES_0_count, 82,             0
PRED_TO_UPDATE_CYCLES_0_total_count, 82,             0

PRED_TO_UPDATE_CYCLES_1_count, 82,             0
PRED_TO_UPDATE_CYCLES_1_total_count, 82,             0

PRED_TO_UPDATE_CYCLES_2_count, 82,             0
PRED_TO_UPDATE_CYCLES_2_total_count, 82,             0

PRED_TO_UPDATE_CYCLES_3_count, 82,             0
PRED_TO_UPDATE_CYCLES_3_total_count, 82,             0

PRED_TO_UPDATE_CYCLES_4_count, 82,             0
PRED_TO_UPDATE_CYCLES_4_total_count, 82,             0

PRED_TO_UPDATE_CYCLES_5_count, 82,             0
PRED_TO_UPDATE_CYCLES_5_total_count, 82,             0

PRED_TO_UPDATE_CYCLES_6_count, 82,             0
PRED_TO_UPDATE_CYCLES_6_total_count, 82,             0

PRED_TO_UPDATE_CYCLES_7_count, 82,             0
PRED_TO_UPDATE_CYCLES_7_total_count, 82,             0

PRED_TO_UPDATE_CYCLES_8_count, 82,             0
PRED_TO_UPDATE_CYCLES_8_total_count, 82,             0

PRED_TO_UPDATE_CYCLES_9_count, 82,             0
PRED_TO_UPDATE_CYCLES_9_total_count, 82,             0

PRED_TO_UPDATE_CYCLES_10_count, 82,             0
PRED_TO_UPDATE_CYCLES_10_total_count, 82,             0

PRED_TO_UPDATE_CYCLES_11_count, 82,             0
PRED_TO_UPDATE_CYCLES_11_total_count, 82,             0

PRED_TO_UPDATE_CYCLES_12_count, 82,             0
PRED_TO_UPDATE_CYCLES_12_total_count, 82,             0

PRED_TO_UPDATE_CYCLES_13_count, 82,             0
PRED_TO_UPDATE_CYCLES_13_total_count, 82,             0

PRED_TO_UPDATE_CYCLES_14_count, 82,             0
PRED_TO_UPDATE_CYCLES_14_total_count, 82,             0

PRED_TO_UPDATE_CYCLES_15_count, 82,             0
PRED_TO_UPDATE_CYCLES_15_total_count, 82,             0

PRED_TO_UPDATE_CYCLES_16_count, 82,             0
PRED_TO_UPDATE_CYCLES_16_total_count, 82,             0

PRED_TO_UPDATE_CYCLES_17_count, 82,             0
PRED_TO_UPDATE_CYCLES_17_total_count, 82,             0

PRED_TO_UPDATE_CYCLES_18_count, 82,             0
PRED_TO_UPDATE_CYCLES_18_total_count, 82,             0

PRED_TO_UPDATE_CYCLES_19_count, 82,             0
PRED_TO_UPDATE_CYCLES_19_total_count, 82,             0

PRED_TO_UPDATE_CYCLES_20_count, 82,             0
PRED_TO_UPDATE_CYCLES_20_total_count, 82,             0

PRED_TO_UPDATE_CYCLES_21_count, 82,             0
PRED_TO_UPDATE_CYCLES_21_total_count, 82,             0

PRED_TO_UPDATE_CYCLES_22_count, 82,             0
PRED_TO_UPDATE_CYCLES_22_total_count, 82,             0

PRED_TO_UPDATE_CYCLES_23_count, 82,             0
PRED_TO_UPDATE_CYCLES_23_total_count, 82,             0

PRED_TO_UPDATE_CYCLES_24_count, 82,             0
PRED_TO_UPDATE_CYCLES_24_total_count, 82,             0

PRED_TO_UPDATE_CYCLES_25_count, 82,             0
PRED_TO_UPDATE_CYCLES_25_total_count, 82,             0

PRED_TO_UPDATE_CYCLES_26_count, 82,             0
PRED_TO_UPDATE_CYCLES_26_total_count, 82,             0

PRED_TO_UPDATE_CYCLES_27_count, 82,             0
PRED_TO_UPDATE_CYCLES_27_total_count, 82,             0

PRED_TO_UPDATE_CYCLES_28_count, 82,             0
PRED_TO_UPDATE_CYCLES_28_total_count, 82,             0

PRED_TO_UPDATE_CYCLES_29_count, 82,             0
PRED_TO_UPDATE_CYCLES_29_total_count, 82,             0

PRED_TO_UPDATE_CYCLES_30_count, 82,             0
PRED_TO_UPDATE_CYCLES_30_total_count, 82,             0

BP_ON_PATH_CONF_RECOVER_AT_EXEC_count, 83,             0
BP_ON_PATH_CONF_RECOVER_AT_EXEC_total_count, 83,             0

BP_ON_PATH_CONF_CORRECT_count, 83,             0
BP_ON_PATH_CONF_CORRECT_total_count, 83,             0

BP_OFF_PATH_CONF_RECOVER_AT_EXEC_count, 84,             0
BP_OFF_PATH_CONF_RECOVER_AT_EXEC_total_count, 84,             0

BP_OFF_PATH_CONF_CORRECT_count, 84,             0
BP_OFF_PATH_CONF_CORRECT_total_count, 84,             0

BP_ON_PATH_PRED_MIS_CONF_RECOVER_AT_EXEC_count, 85,             0
BP_ON_PATH_PRED_MIS_CONF_RECOVER_AT_EXEC_total_count, 85,             0

BP_ON_PATH_PRED_MIS_CONF_CORRECT_count, 85,             0
BP_ON_PATH_PRED_MIS_CONF_CORRECT_total_count, 85,             0

BP_ON_PATH_PRED_COR_CONF_RECOVER_AT_EXEC_count, 86,             0
BP_ON_PATH_PRED_COR_CONF_RECOVER_AT_EXEC_total_count, 86,             0

BP_ON_PATH_PRED_COR_CONF_CORRECT_count, 86,             0
BP_ON_PATH_PRED_COR_CONF_CORRECT_total_count, 86,             0

BP_OFF_PATH_PRED_MIS_CONF_RECOVER_AT_EXEC_count, 87,             0
BP_OFF_PATH_PRED_MIS_CONF_RECOVER_AT_EXEC_total_count, 87,             0

BP_OFF_PATH_PRED_MIS_CONF_CORRECT_count, 87,             0
BP_OFF_PATH_PRED_MIS_CONF_CORRECT_total_count, 87,             0

BP_OFF_PATH_PRED_COR_CONF_RECOVER_AT_EXEC_count, 88,             0
BP_OFF_PATH_PRED_COR_CONF_RECOVER_AT_EXEC_total_count, 88,             0

BP_OFF_PATH_PRED_COR_CONF_CORRECT_count, 88,             0
BP_OFF_PATH_PRED_COR_CONF_CORRECT_total_count, 88,             0

ONPATH_CONF_RECOVER_AT_EXEC_count, 89,             0
ONPATH_CONF_RECOVER_AT_EXEC_total_count, 89,             0

ONPATH_CONF_CORRECT_count, 89,             0
ONPATH_CONF_CORRECT_total_count, 89,             0

ONPATH_ON_PATH_CONF_RECOVER_AT_EXEC_count, 90,             0
ONPATH_ON_PATH_CONF_RECOVER_AT_EXEC_total_count, 90,             0

ONPATH_ON_PATH_CONF_CORRECT_count, 90,             0
ONPATH_ON_PATH_CONF_CORRECT_total_count, 90,             0

ONPATH_OFF_PATH_CONF_RECOVER_AT_EXEC_count, 91,             0
ONPATH_OFF_PATH_CONF_RECOVER_AT_EXEC_total_count, 91,             0

ONPATH_OFF_PATH_CONF_CORRECT_count, 91,             0
ONPATH_OFF_PATH_CONF_CORRECT_total_count, 91,             0

PRED_ONPATH_CONF_RECOVER_AT_EXEC_count, 92,             0
PRED_ONPATH_CONF_RECOVER_AT_EXEC_total_count, 92,             0

PRED_ONPATH_CONF_CORRECT_count, 92,             0
PRED_ONPATH_CONF_CORRECT_total_count, 92,             0

PRED_OFFPATH_CONF_RECOVER_AT_EXEC_count, 93,             0
PRED_OFFPATH_CONF_RECOVER_AT_EXEC_total_count, 93,             0

PRED_OFFPATH_CONF_CORRECT_count, 93,             0
PRED_OFFPATH_CONF_CORRECT_total_count, 93,             0

LONG_OVWT_MIS_count, 94,             0
LONG_OVWT_MIS_total_count, 94,             0

LONG_OVWT_COR_count, 94,             0
LONG_OVWT_COR_total_count, 94,             0

OPC_LENGTH_0_7_MIS_count, 95,             0
OPC_LENGTH_0_7_MIS_total_count, 95,             0

OPC_LENGTH_0_7_COR_count, 95,             0
OPC_LENGTH_0_7_COR_total_count, 95,             0

OPC_LENGTH_8_15_MIS_count, 96,             0
OPC_LENGTH_8_15_MIS_total_count, 96,             0

OPC_LENGTH_8_15_COR_count, 96,             0
OPC_LENGTH_8_15_COR_total_count, 96,             0

OPC_LENGTH_16_23_MIS_count, 97,             0
OPC_LENGTH_16_23_MIS_total_count, 97,             0

OPC_LENGTH_16_23_COR_count, 97,             0
OPC_LENGTH_16_23_COR_total_count, 97,             0

OPC_LENGTH_24_31_MIS_count, 98,             0
OPC_LENGTH_24_31_MIS_total_count, 98,             0

OPC_LENGTH_24_31_COR_count, 98,             0
OPC_LENGTH_24_31_COR_total_count, 98,             0

OPC_LENGTH_32_39_MIS_count, 99,             0
OPC_LENGTH_32_39_MIS_total_count, 99,             0

OPC_LENGTH_32_39_COR_count, 99,             0
OPC_LENGTH_32_39_COR_total_count, 99,             0

OPC_LENGTH_40_47_MIS_count, 100,             0
OPC_LENGTH_40_47_MIS_total_count, 100,             0

OPC_LENGTH_40_47_COR_count, 100,             0
OPC_LENGTH_40_47_COR_total_count, 100,             0

OPC_LENGTH_48_55_MIS_count, 101,             0
OPC_LENGTH_48_55_MIS_total_count, 101,             0

OPC_LENGTH_48_55_COR_count, 101,             0
OPC_LENGTH_48_55_COR_total_count, 101,             0

OPC_LENGTH_56_63_MIS_count, 102,             0
OPC_LENGTH_56_63_MIS_total_count, 102,             0

OPC_LENGTH_56_63_COR_count, 102,             0
OPC_LENGTH_56_63_COR_total_count, 102,             0

OPC_LENGTH_64_71_MIS_count, 103,             0
OPC_LENGTH_64_71_MIS_total_count, 103,             0

OPC_LENGTH_64_71_COR_count, 103,             0
OPC_LENGTH_64_71_COR_total_count, 103,             0

OPC_LENGTH_72_79_MIS_count, 104,             0
OPC_LENGTH_72_79_MIS_total_count, 104,             0

OPC_LENGTH_72_79_COR_count, 104,             0
OPC_LENGTH_72_79_COR_total_count, 104,             0

OPC_LENGTH_80_MIS_count, 105,             0
OPC_LENGTH_80_MIS_total_count, 105,             0

OPC_LENGTH_80_COR_count, 105,             0
OPC_LENGTH_80_COR_total_count, 105,             0

ALL_ONES_MIS_count, 106,             0
ALL_ONES_MIS_total_count, 106,             0

ALL_ONES_COR_count, 106,             0
ALL_ONES_COR_total_count, 106,             0

FIRST_ONE_MIS_count, 107,             0
FIRST_ONE_MIS_total_count, 107,             0

FIRST_ONE_COR_count, 107,             0
FIRST_ONE_COR_total_count, 107,             0

ZEROS_0_1_MIS_count, 108,             0
ZEROS_0_1_MIS_total_count, 108,             0

ZEROS_0_1_COR_count, 108,             0
ZEROS_0_1_COR_total_count, 108,             0

ZEROS_2_3_MIS_count, 109,             0
ZEROS_2_3_MIS_total_count, 109,             0

ZEROS_2_3_COR_count, 109,             0
ZEROS_2_3_COR_total_count, 109,             0

ZEROS_4_5_MIS_count, 110,             0
ZEROS_4_5_MIS_total_count, 110,             0

ZEROS_4_5_COR_count, 110,             0
ZEROS_4_5_COR_total_count, 110,             0

ZEROS_6_7_MIS_count, 111,             0
ZEROS_6_7_MIS_total_count, 111,             0

ZEROS_6_7_COR_count, 111,             0
ZEROS_6_7_COR_total_count, 111,             0

ZEROS_8_9_MIS_count, 112,             0
ZEROS_8_9_MIS_total_count, 112,             0

ZEROS_8_9_COR_count, 112,             0
ZEROS_8_9_COR_total_count, 112,             0

ZEROS_10_11_MIS_count, 113,             0
ZEROS_10_11_MIS_total_count, 113,             0

ZEROS_10_11_COR_count, 113,             0
ZEROS_10_11_COR_total_count, 113,             0

ZEROS_12_13_MIS_count, 114,             0
ZEROS_12_13_MIS_total_count, 114,             0

ZEROS_12_13_COR_count, 114,             0
ZEROS_12_13_COR_total_count, 114,             0

ZEROS_14_15_MIS_count, 115,             0
ZEROS_14_15_MIS_total_count, 115,             0

ZEROS_14_15_COR_count, 115,             0
ZEROS_14_15_COR_total_count, 115,             0

ZEROS_16_MIS_count, 116,             0
ZEROS_16_MIS_total_count, 116,             0

ZEROS_16_COR_count, 116,             0
ZEROS_16_COR_total_count, 116,             0

GS2BC_GSHARE_count, 117,             0
GS2BC_GSHARE_total_count, 117,             0

GS2BC_2BC_count, 117,             0
GS2BC_2BC_total_count, 117,             0

GSKEW2BC_VOTE_count, 118,             0
GSKEW2BC_VOTE_total_count, 118,             0

GSKEW2BC_2BC_count, 118,             0
GSKEW2BC_2BC_total_count, 118,             0

FUTGSHARE_INIT_ON_PATH_CORRECT_count, 119,             0
FUTGSHARE_INIT_ON_PATH_CORRECT_total_count, 119,             0

FUTGSHARE_INIT_ON_PATH_RECOVER_AT_EXEC_count, 119,             0
FUTGSHARE_INIT_ON_PATH_RECOVER_AT_EXEC_total_count, 119,             0

FUTGSHARE_INIT_OFF_PATH_CORRECT_count, 120,             0
FUTGSHARE_INIT_OFF_PATH_CORRECT_total_count, 120,             0

FUTGSHARE_INIT_OFF_PATH_RECOVER_AT_EXEC_count, 120,             0
FUTGSHARE_INIT_OFF_PATH_RECOVER_AT_EXEC_total_count, 120,             0

FUTGSHARE_CHANGED_CORRECTED_ON_PATH_count, 121,             0
FUTGSHARE_CHANGED_CORRECTED_ON_PATH_total_count, 121,             0

FUTGSHARE_CHANGED_SCREWED_ON_PATH_count, 121,             0
FUTGSHARE_CHANGED_SCREWED_ON_PATH_total_count, 121,             0

FUTGSHARE_CHANGED_CORRECTED_OFF_PATH_count, 122,             0
FUTGSHARE_CHANGED_CORRECTED_OFF_PATH_total_count, 122,             0

FUTGSHARE_CHANGED_SCREWED_OFF_PATH_count, 122,             0
FUTGSHARE_CHANGED_SCREWED_OFF_PATH_total_count, 122,             0

FUTGSHARE_ORIG_CORRECT_FUT_CORRECT_ON_PATH_count, 123,             0
FUTGSHARE_ORIG_CORRECT_FUT_CORRECT_ON_PATH_total_count, 123,             0

FUTGSHARE_ORIG_RECOVER_AT_EXEC_FUT_CORRECT_ON_PATH_count, 123,             0
FUTGSHARE_ORIG_RECOVER_AT_EXEC_FUT_CORRECT_ON_PATH_total_count, 123,             0

FUTGSHARE_ORIG_CORRECT_FUT_RECOVER_AT_EXEC_ON_PATH_count, 123,             0
FUTGSHARE_ORIG_CORRECT_FUT_RECOVER_AT_EXEC_ON_PATH_total_count, 123,             0

FUTGSHARE_ORIG_RECOVER_AT_EXEC_FUT_RECOVER_AT_EXEC_ON_PATH_count, 123,             0
FUTGSHARE_ORIG_RECOVER_AT_EXEC_FUT_RECOVER_AT_EXEC_ON_PATH_total_count, 123,             0

FUTGSHARE_ORIG_CORRECT_FUT_CORRECT_OFF_PATH_count, 124,             0
FUTGSHARE_ORIG_CORRECT_FUT_CORRECT_OFF_PATH_total_count, 124,             0

FUTGSHARE_ORIG_RECOVER_AT_EXEC_FUT_CORRECT_OFF_PATH_count, 124,             0
FUTGSHARE_ORIG_RECOVER_AT_EXEC_FUT_CORRECT_OFF_PATH_total_count, 124,             0

FUTGSHARE_ORIG_CORRECT_FUT_RECOVER_AT_EXEC_OFF_PATH_count, 124,             0
FUTGSHARE_ORIG_CORRECT_FUT_RECOVER_AT_EXEC_OFF_PATH_total_count, 124,             0

FUTGSHARE_ORIG_RECOVER_AT_EXEC_FUT_RECOVER_AT_EXEC_OFF_PATH_count, 124,             0
FUTGSHARE_ORIG_RECOVER_AT_EXEC_FUT_RECOVER_AT_EXEC_OFF_PATH_total_count, 124,             0

FUTGSHARE_ON_PATH_CORRECT_0_count, 125,             0
FUTGSHARE_ON_PATH_CORRECT_0_total_count, 125,             0

FUTGSHARE_ON_PATH_RECOVER_AT_EXEC_0_count, 125,             0
FUTGSHARE_ON_PATH_RECOVER_AT_EXEC_0_total_count, 125,             0

FUTGSHARE_OFF_PATH_CORRECT_0_count, 126,             0
FUTGSHARE_OFF_PATH_CORRECT_0_total_count, 126,             0

FUTGSHARE_OFF_PATH_RECOVER_AT_EXEC_0_count, 126,             0
FUTGSHARE_OFF_PATH_RECOVER_AT_EXEC_0_total_count, 126,             0

FUTGSHARE_ON_PATH_CORRECT_1_count, 127,             0
FUTGSHARE_ON_PATH_CORRECT_1_total_count, 127,             0

FUTGSHARE_ON_PATH_RECOVER_AT_EXEC_1_count, 127,             0
FUTGSHARE_ON_PATH_RECOVER_AT_EXEC_1_total_count, 127,             0

FUTGSHARE_OFF_PATH_CORRECT_1_count, 128,             0
FUTGSHARE_OFF_PATH_CORRECT_1_total_count, 128,             0

FUTGSHARE_OFF_PATH_RECOVER_AT_EXEC_1_count, 128,             0
FUTGSHARE_OFF_PATH_RECOVER_AT_EXEC_1_total_count, 128,             0

FUTGSHARE_ON_PATH_CORRECT_2_count, 129,             0
FUTGSHARE_ON_PATH_CORRECT_2_total_count, 129,             0

FUTGSHARE_ON_PATH_RECOVER_AT_EXEC_2_count, 129,             0
FUTGSHARE_ON_PATH_RECOVER_AT_EXEC_2_total_count, 129,             0

FUTGSHARE_OFF_PATH_CORRECT_2_count, 130,             0
FUTGSHARE_OFF_PATH_CORRECT_2_total_count, 130,             0

FUTGSHARE_OFF_PATH_RECOVER_AT_EXEC_2_count, 130,             0
FUTGSHARE_OFF_PATH_RECOVER_AT_EXEC_2_total_count, 130,             0

FUTGSHARE_ON_PATH_CORRECT_3_count, 131,             0
FUTGSHARE_ON_PATH_CORRECT_3_total_count, 131,             0

FUTGSHARE_ON_PATH_RECOVER_AT_EXEC_3_count, 131,             0
FUTGSHARE_ON_PATH_RECOVER_AT_EXEC_3_total_count, 131,             0

FUTGSHARE_OFF_PATH_CORRECT_3_count, 132,             0
FUTGSHARE_OFF_PATH_CORRECT_3_total_count, 132,             0

FUTGSHARE_OFF_PATH_RECOVER_AT_EXEC_3_count, 132,             0
FUTGSHARE_OFF_PATH_RECOVER_AT_EXEC_3_total_count, 132,             0

FUTGSHARE_ON_PATH_CORRECT_4_count, 133,             0
FUTGSHARE_ON_PATH_CORRECT_4_total_count, 133,             0

FUTGSHARE_ON_PATH_RECOVER_AT_EXEC_4_count, 133,             0
FUTGSHARE_ON_PATH_RECOVER_AT_EXEC_4_total_count, 133,             0

FUTGSHARE_OFF_PATH_CORRECT_4_count, 134,             0
FUTGSHARE_OFF_PATH_CORRECT_4_total_count, 134,             0

FUTGSHARE_OFF_PATH_RECOVER_AT_EXEC_4_count, 134,             0
FUTGSHARE_OFF_PATH_RECOVER_AT_EXEC_4_total_count, 134,             0

FUTGSHARE_ON_PATH_CORRECT_5_count, 135,             0
FUTGSHARE_ON_PATH_CORRECT_5_total_count, 135,             0

FUTGSHARE_ON_PATH_RECOVER_AT_EXEC_5_count, 135,             0
FUTGSHARE_ON_PATH_RECOVER_AT_EXEC_5_total_count, 135,             0

FUTGSHARE_OFF_PATH_CORRECT_5_count, 136,             0
FUTGSHARE_OFF_PATH_CORRECT_5_total_count, 136,             0

FUTGSHARE_OFF_PATH_RECOVER_AT_EXEC_5_count, 136,             0
FUTGSHARE_OFF_PATH_RECOVER_AT_EXEC_5_total_count, 136,             0

FUTGSHARE_ON_PATH_CORRECT_6_count, 137,             0
FUTGSHARE_ON_PATH_CORRECT_6_total_count, 137,             0

FUTGSHARE_ON_PATH_RECOVER_AT_EXEC_6_count, 137,             0
FUTGSHARE_ON_PATH_RECOVER_AT_EXEC_6_total_count, 137,             0

FUTGSHARE_OFF_PATH_CORRECT_6_count, 138,             0
FUTGSHARE_OFF_PATH_CORRECT_6_total_count, 138,             0

FUTGSHARE_OFF_PATH_RECOVER_AT_EXEC_6_count, 138,             0
FUTGSHARE_OFF_PATH_RECOVER_AT_EXEC_6_total_count, 138,             0

FUTGSHARE_ON_PATH_CORRECT_7_count, 139,             0
FUTGSHARE_ON_PATH_CORRECT_7_total_count, 139,             0

FUTGSHARE_ON_PATH_RECOVER_AT_EXEC_7_count, 139,             0
FUTGSHARE_ON_PATH_RECOVER_AT_EXEC_7_total_count, 139,             0

FUTGSHARE_OFF_PATH_CORRECT_7_count, 140,             0
FUTGSHARE_OFF_PATH_CORRECT_7_total_count, 140,             0

FUTGSHARE_OFF_PATH_RECOVER_AT_EXEC_7_count, 140,             0
FUTGSHARE_OFF_PATH_RECOVER_AT_EXEC_7_total_count, 140,             0

FUTGSHARE_ON_PATH_CORRECT_8_count, 141,             0
FUTGSHARE_ON_PATH_CORRECT_8_total_count, 141,             0

FUTGSHARE_ON_PATH_RECOVER_AT_EXEC_8_count, 141,             0
FUTGSHARE_ON_PATH_RECOVER_AT_EXEC_8_total_count, 141,             0

FUTGSHARE_OFF_PATH_CORRECT_8_count, 142,             0
FUTGSHARE_OFF_PATH_CORRECT_8_total_count, 142,             0

FUTGSHARE_OFF_PATH_RECOVER_AT_EXEC_8_count, 142,             0
FUTGSHARE_OFF_PATH_RECOVER_AT_EXEC_8_total_count, 142,             0

FUTGSHARE_ON_PATH_CORRECT_9_count, 143,             0
FUTGSHARE_ON_PATH_CORRECT_9_total_count, 143,             0

FUTGSHARE_ON_PATH_RECOVER_AT_EXEC_9_count, 143,             0
FUTGSHARE_ON_PATH_RECOVER_AT_EXEC_9_total_count, 143,             0

FUTGSHARE_OFF_PATH_CORRECT_9_count, 144,             0
FUTGSHARE_OFF_PATH_CORRECT_9_total_count, 144,             0

FUTGSHARE_OFF_PATH_RECOVER_AT_EXEC_9_count, 144,             0
FUTGSHARE_OFF_PATH_RECOVER_AT_EXEC_9_total_count, 144,             0

FUTGSHARE_ON_PATH_CORRECT_10_count, 145,             0
FUTGSHARE_ON_PATH_CORRECT_10_total_count, 145,             0

FUTGSHARE_ON_PATH_RECOVER_AT_EXEC_10_count, 145,             0
FUTGSHARE_ON_PATH_RECOVER_AT_EXEC_10_total_count, 145,             0

FUTGSHARE_OFF_PATH_CORRECT_10_count, 146,             0
FUTGSHARE_OFF_PATH_CORRECT_10_total_count, 146,             0

FUTGSHARE_OFF_PATH_RECOVER_AT_EXEC_10_count, 146,             0
FUTGSHARE_OFF_PATH_RECOVER_AT_EXEC_10_total_count, 146,             0

FUTGSHARE_ON_PATH_CORRECT_11_count, 147,             0
FUTGSHARE_ON_PATH_CORRECT_11_total_count, 147,             0

FUTGSHARE_ON_PATH_RECOVER_AT_EXEC_11_count, 147,             0
FUTGSHARE_ON_PATH_RECOVER_AT_EXEC_11_total_count, 147,             0

FUTGSHARE_OFF_PATH_CORRECT_11_count, 148,             0
FUTGSHARE_OFF_PATH_CORRECT_11_total_count, 148,             0

FUTGSHARE_OFF_PATH_RECOVER_AT_EXEC_11_count, 148,             0
FUTGSHARE_OFF_PATH_RECOVER_AT_EXEC_11_total_count, 148,             0

FUTGSHARE_ON_PATH_CORRECT_12_count, 149,             0
FUTGSHARE_ON_PATH_CORRECT_12_total_count, 149,             0

FUTGSHARE_ON_PATH_RECOVER_AT_EXEC_12_count, 149,             0
FUTGSHARE_ON_PATH_RECOVER_AT_EXEC_12_total_count, 149,             0

FUTGSHARE_OFF_PATH_CORRECT_12_count, 150,             0
FUTGSHARE_OFF_PATH_CORRECT_12_total_count, 150,             0

FUTGSHARE_OFF_PATH_RECOVER_AT_EXEC_12_count, 150,             0
FUTGSHARE_OFF_PATH_RECOVER_AT_EXEC_12_total_count, 150,             0

FUTGSHARE_ON_PATH_CORRECT_13_count, 151,             0
FUTGSHARE_ON_PATH_CORRECT_13_total_count, 151,             0

FUTGSHARE_ON_PATH_RECOVER_AT_EXEC_13_count, 151,             0
FUTGSHARE_ON_PATH_RECOVER_AT_EXEC_13_total_count, 151,             0

FUTGSHARE_OFF_PATH_CORRECT_13_count, 152,             0
FUTGSHARE_OFF_PATH_CORRECT_13_total_count, 152,             0

FUTGSHARE_OFF_PATH_RECOVER_AT_EXEC_13_count, 152,             0
FUTGSHARE_OFF_PATH_RECOVER_AT_EXEC_13_total_count, 152,             0

FUTGSHARE_ON_PATH_CORRECT_14_count, 153,             0
FUTGSHARE_ON_PATH_CORRECT_14_total_count, 153,             0

FUTGSHARE_ON_PATH_RECOVER_AT_EXEC_14_count, 153,             0
FUTGSHARE_ON_PATH_RECOVER_AT_EXEC_14_total_count, 153,             0

FUTGSHARE_OFF_PATH_CORRECT_14_count, 154,             0
FUTGSHARE_OFF_PATH_CORRECT_14_total_count, 154,             0

FUTGSHARE_OFF_PATH_RECOVER_AT_EXEC_14_count, 154,             0
FUTGSHARE_OFF_PATH_RECOVER_AT_EXEC_14_total_count, 154,             0

FUTGSHARE_ON_PATH_CORRECT_15_count, 155,             0
FUTGSHARE_ON_PATH_CORRECT_15_total_count, 155,             0

FUTGSHARE_ON_PATH_RECOVER_AT_EXEC_15_count, 155,             0
FUTGSHARE_ON_PATH_RECOVER_AT_EXEC_15_total_count, 155,             0

FUTGSHARE_OFF_PATH_CORRECT_15_count, 156,             0
FUTGSHARE_OFF_PATH_CORRECT_15_total_count, 156,             0

FUTGSHARE_OFF_PATH_RECOVER_AT_EXEC_15_count, 156,             0
FUTGSHARE_OFF_PATH_RECOVER_AT_EXEC_15_total_count, 156,             0

FUTGSHARE_CHANGED_CORRECTED_ON_PATH_0_count, 157,             0
FUTGSHARE_CHANGED_CORRECTED_ON_PATH_0_total_count, 157,             0

FUTGSHARE_CHANGED_SCREWED_ON_PATH_0_count, 157,             0
FUTGSHARE_CHANGED_SCREWED_ON_PATH_0_total_count, 157,             0

FUTGSHARE_CHANGED_CORRECTED_OFF_PATH_0_count, 158,             0
FUTGSHARE_CHANGED_CORRECTED_OFF_PATH_0_total_count, 158,             0

FUTGSHARE_CHANGED_SCREWED_OFF_PATH_0_count, 158,             0
FUTGSHARE_CHANGED_SCREWED_OFF_PATH_0_total_count, 158,             0

FUTGSHARE_CHANGED_CORRECTED_ON_PATH_1_count, 159,             0
FUTGSHARE_CHANGED_CORRECTED_ON_PATH_1_total_count, 159,             0

FUTGSHARE_CHANGED_SCREWED_ON_PATH_1_count, 159,             0
FUTGSHARE_CHANGED_SCREWED_ON_PATH_1_total_count, 159,             0

FUTGSHARE_CHANGED_CORRECTED_OFF_PATH_1_count, 160,             0
FUTGSHARE_CHANGED_CORRECTED_OFF_PATH_1_total_count, 160,             0

FUTGSHARE_CHANGED_SCREWED_OFF_PATH_1_count, 160,             0
FUTGSHARE_CHANGED_SCREWED_OFF_PATH_1_total_count, 160,             0

FUTGSHARE_CHANGED_CORRECTED_ON_PATH_2_count, 161,             0
FUTGSHARE_CHANGED_CORRECTED_ON_PATH_2_total_count, 161,             0

FUTGSHARE_CHANGED_SCREWED_ON_PATH_2_count, 161,             0
FUTGSHARE_CHANGED_SCREWED_ON_PATH_2_total_count, 161,             0

FUTGSHARE_CHANGED_CORRECTED_OFF_PATH_2_count, 162,             0
FUTGSHARE_CHANGED_CORRECTED_OFF_PATH_2_total_count, 162,             0

FUTGSHARE_CHANGED_SCREWED_OFF_PATH_2_count, 162,             0
FUTGSHARE_CHANGED_SCREWED_OFF_PATH_2_total_count, 162,             0

FUTGSHARE_CHANGED_CORRECTED_ON_PATH_3_count, 163,             0
FUTGSHARE_CHANGED_CORRECTED_ON_PATH_3_total_count, 163,             0

FUTGSHARE_CHANGED_SCREWED_ON_PATH_3_count, 163,             0
FUTGSHARE_CHANGED_SCREWED_ON_PATH_3_total_count, 163,             0

FUTGSHARE_CHANGED_CORRECTED_OFF_PATH_3_count, 164,             0
FUTGSHARE_CHANGED_CORRECTED_OFF_PATH_3_total_count, 164,             0

FUTGSHARE_CHANGED_SCREWED_OFF_PATH_3_count, 164,             0
FUTGSHARE_CHANGED_SCREWED_OFF_PATH_3_total_count, 164,             0

FUTGSHARE_CHANGED_CORRECTED_ON_PATH_4_count, 165,             0
FUTGSHARE_CHANGED_CORRECTED_ON_PATH_4_total_count, 165,             0

FUTGSHARE_CHANGED_SCREWED_ON_PATH_4_count, 165,             0
FUTGSHARE_CHANGED_SCREWED_ON_PATH_4_total_count, 165,             0

FUTGSHARE_CHANGED_CORRECTED_OFF_PATH_4_count, 166,             0
FUTGSHARE_CHANGED_CORRECTED_OFF_PATH_4_total_count, 166,             0

FUTGSHARE_CHANGED_SCREWED_OFF_PATH_4_count, 166,             0
FUTGSHARE_CHANGED_SCREWED_OFF_PATH_4_total_count, 166,             0

FUTGSHARE_CHANGED_CORRECTED_ON_PATH_5_count, 167,             0
FUTGSHARE_CHANGED_CORRECTED_ON_PATH_5_total_count, 167,             0

FUTGSHARE_CHANGED_SCREWED_ON_PATH_5_count, 167,             0
FUTGSHARE_CHANGED_SCREWED_ON_PATH_5_total_count, 167,             0

FUTGSHARE_CHANGED_CORRECTED_OFF_PATH_5_count, 168,             0
FUTGSHARE_CHANGED_CORRECTED_OFF_PATH_5_total_count, 168,             0

FUTGSHARE_CHANGED_SCREWED_OFF_PATH_5_count, 168,             0
FUTGSHARE_CHANGED_SCREWED_OFF_PATH_5_total_count, 168,             0

FUTGSHARE_CHANGED_CORRECTED_ON_PATH_6_count, 169,             0
FUTGSHARE_CHANGED_CORRECTED_ON_PATH_6_total_count, 169,             0

FUTGSHARE_CHANGED_SCREWED_ON_PATH_6_count, 169,             0
FUTGSHARE_CHANGED_SCREWED_ON_PATH_6_total_count, 169,             0

FUTGSHARE_CHANGED_CORRECTED_OFF_PATH_6_count, 170,             0
FUTGSHARE_CHANGED_CORRECTED_OFF_PATH_6_total_count, 170,             0

FUTGSHARE_CHANGED_SCREWED_OFF_PATH_6_count, 170,             0
FUTGSHARE_CHANGED_SCREWED_OFF_PATH_6_total_count, 170,             0

FUTGSHARE_CHANGED_CORRECTED_ON_PATH_7_count, 171,             0
FUTGSHARE_CHANGED_CORRECTED_ON_PATH_7_total_count, 171,             0

FUTGSHARE_CHANGED_SCREWED_ON_PATH_7_count, 171,             0
FUTGSHARE_CHANGED_SCREWED_ON_PATH_7_total_count, 171,             0

FUTGSHARE_CHANGED_CORRECTED_OFF_PATH_7_count, 172,             0
FUTGSHARE_CHANGED_CORRECTED_OFF_PATH_7_total_count, 172,             0

FUTGSHARE_CHANGED_SCREWED_OFF_PATH_7_count, 172,             0
FUTGSHARE_CHANGED_SCREWED_OFF_PATH_7_total_count, 172,             0

FUTGSHARE_CHANGED_CORRECTED_ON_PATH_8_count, 173,             0
FUTGSHARE_CHANGED_CORRECTED_ON_PATH_8_total_count, 173,             0

FUTGSHARE_CHANGED_SCREWED_ON_PATH_8_count, 173,             0
FUTGSHARE_CHANGED_SCREWED_ON_PATH_8_total_count, 173,             0

FUTGSHARE_CHANGED_CORRECTED_OFF_PATH_8_count, 174,             0
FUTGSHARE_CHANGED_CORRECTED_OFF_PATH_8_total_count, 174,             0

FUTGSHARE_CHANGED_SCREWED_OFF_PATH_8_count, 174,             0
FUTGSHARE_CHANGED_SCREWED_OFF_PATH_8_total_count, 174,             0

FUTGSHARE_CHANGED_CORRECTED_ON_PATH_9_count, 175,             0
FUTGSHARE_CHANGED_CORRECTED_ON_PATH_9_total_count, 175,             0

FUTGSHARE_CHANGED_SCREWED_ON_PATH_9_count, 175,             0
FUTGSHARE_CHANGED_SCREWED_ON_PATH_9_total_count, 175,             0

FUTGSHARE_CHANGED_CORRECTED_OFF_PATH_9_count, 176,             0
FUTGSHARE_CHANGED_CORRECTED_OFF_PATH_9_total_count, 176,             0

FUTGSHARE_CHANGED_SCREWED_OFF_PATH_9_count, 176,             0
FUTGSHARE_CHANGED_SCREWED_OFF_PATH_9_total_count, 176,             0

FUTGSHARE_CHANGED_CORRECTED_ON_PATH_10_count, 177,             0
FUTGSHARE_CHANGED_CORRECTED_ON_PATH_10_total_count, 177,             0

FUTGSHARE_CHANGED_SCREWED_ON_PATH_10_count, 177,             0
FUTGSHARE_CHANGED_SCREWED_ON_PATH_10_total_count, 177,             0

FUTGSHARE_CHANGED_CORRECTED_OFF_PATH_10_count, 178,             0
FUTGSHARE_CHANGED_CORRECTED_OFF_PATH_10_total_count, 178,             0

FUTGSHARE_CHANGED_SCREWED_OFF_PATH_10_count, 178,             0
FUTGSHARE_CHANGED_SCREWED_OFF_PATH_10_total_count, 178,             0

FUTGSHARE_CHANGED_CORRECTED_ON_PATH_11_count, 179,             0
FUTGSHARE_CHANGED_CORRECTED_ON_PATH_11_total_count, 179,             0

FUTGSHARE_CHANGED_SCREWED_ON_PATH_11_count, 179,             0
FUTGSHARE_CHANGED_SCREWED_ON_PATH_11_total_count, 179,             0

FUTGSHARE_CHANGED_CORRECTED_OFF_PATH_11_count, 180,             0
FUTGSHARE_CHANGED_CORRECTED_OFF_PATH_11_total_count, 180,             0

FUTGSHARE_CHANGED_SCREWED_OFF_PATH_11_count, 180,             0
FUTGSHARE_CHANGED_SCREWED_OFF_PATH_11_total_count, 180,             0

FUTGSHARE_CHANGED_CORRECTED_ON_PATH_12_count, 181,             0
FUTGSHARE_CHANGED_CORRECTED_ON_PATH_12_total_count, 181,             0

FUTGSHARE_CHANGED_SCREWED_ON_PATH_12_count, 181,             0
FUTGSHARE_CHANGED_SCREWED_ON_PATH_12_total_count, 181,             0

FUTGSHARE_CHANGED_CORRECTED_OFF_PATH_12_count, 182,             0
FUTGSHARE_CHANGED_CORRECTED_OFF_PATH_12_total_count, 182,             0

FUTGSHARE_CHANGED_SCREWED_OFF_PATH_12_count, 182,             0
FUTGSHARE_CHANGED_SCREWED_OFF_PATH_12_total_count, 182,             0

FUTGSHARE_CHANGED_CORRECTED_ON_PATH_13_count, 183,             0
FUTGSHARE_CHANGED_CORRECTED_ON_PATH_13_total_count, 183,             0

FUTGSHARE_CHANGED_SCREWED_ON_PATH_13_count, 183,             0
FUTGSHARE_CHANGED_SCREWED_ON_PATH_13_total_count, 183,             0

FUTGSHARE_CHANGED_CORRECTED_OFF_PATH_13_count, 184,             0
FUTGSHARE_CHANGED_CORRECTED_OFF_PATH_13_total_count, 184,             0

FUTGSHARE_CHANGED_SCREWED_OFF_PATH_13_count, 184,             0
FUTGSHARE_CHANGED_SCREWED_OFF_PATH_13_total_count, 184,             0

FUTGSHARE_CHANGED_CORRECTED_ON_PATH_14_count, 185,             0
FUTGSHARE_CHANGED_CORRECTED_ON_PATH_14_total_count, 185,             0

FUTGSHARE_CHANGED_SCREWED_ON_PATH_14_count, 185,             0
FUTGSHARE_CHANGED_SCREWED_ON_PATH_14_total_count, 185,             0

FUTGSHARE_CHANGED_CORRECTED_OFF_PATH_14_count, 186,             0
FUTGSHARE_CHANGED_CORRECTED_OFF_PATH_14_total_count, 186,             0

FUTGSHARE_CHANGED_SCREWED_OFF_PATH_14_count, 186,             0
FUTGSHARE_CHANGED_SCREWED_OFF_PATH_14_total_count, 186,             0

FUTGSHARE_CHANGED_CORRECTED_ON_PATH_15_count, 187,             0
FUTGSHARE_CHANGED_CORRECTED_ON_PATH_15_total_count, 187,             0

FUTGSHARE_CHANGED_SCREWED_ON_PATH_15_count, 187,             0
FUTGSHARE_CHANGED_SCREWED_ON_PATH_15_total_count, 187,             0

FUTGSHARE_CHANGED_CORRECTED_OFF_PATH_15_count, 188,             0
FUTGSHARE_CHANGED_CORRECTED_OFF_PATH_15_total_count, 188,             0

FUTGSHARE_CHANGED_SCREWED_OFF_PATH_15_count, 188,             0
FUTGSHARE_CHANGED_SCREWED_OFF_PATH_15_total_count, 188,             0

FRAGHIST_BIN_0_count, 189,             0
FRAGHIST_BIN_0_total_count, 189,             0

FRAGHIST_BIN_1_count, 189,             0
FRAGHIST_BIN_1_total_count, 189,             0

FRAGHIST_BIN_2_count, 189,             0
FRAGHIST_BIN_2_total_count, 189,             0

FRAGHIST_BIN_3_count, 189,             0
FRAGHIST_BIN_3_total_count, 189,             0

FRAGHIST_BIN_4_count, 189,             0
FRAGHIST_BIN_4_total_count, 189,             0

FRAGHIST_BIN_5_count, 189,             0
FRAGHIST_BIN_5_total_count, 189,             0

FRAGHIST_BIN_6_count, 189,             0
FRAGHIST_BIN_6_total_count, 189,             0

FRAGHIST_BIN_7_count, 189,             0
FRAGHIST_BIN_7_total_count, 189,             0

FRAGHIST_BIN_8_count, 189,             0
FRAGHIST_BIN_8_total_count, 189,             0

FRAGHIST_BIN_9_count, 189,             0
FRAGHIST_BIN_9_total_count, 189,             0

FRAGHIST_BIN_10_count, 189,             0
FRAGHIST_BIN_10_total_count, 189,             0

FRAGHIST_BIN_11_count, 189,             0
FRAGHIST_BIN_11_total_count, 189,             0

FRAGHIST_BIN_12_count, 189,             0
FRAGHIST_BIN_12_total_count, 189,             0

FRAGHIST_BIN_13_count, 189,             0
FRAGHIST_BIN_13_total_count, 189,             0

FRAGHIST_BIN_14_count, 189,             0
FRAGHIST_BIN_14_total_count, 189,             0

FRAGHIST_BIN_15_count, 189,             0
FRAGHIST_BIN_15_total_count, 189,             0

FRAGHIST_BIN_16_count, 189,             0
FRAGHIST_BIN_16_total_count, 189,             0

FRAGHIST_BIN_17_count, 189,             0
FRAGHIST_BIN_17_total_count, 189,             0

FRAGHIST_BIN_18_count, 189,             0
FRAGHIST_BIN_18_total_count, 189,             0

FRAGHIST_BIN_19_count, 189,             0
FRAGHIST_BIN_19_total_count, 189,             0

FRAGHIST_BIN_20_count, 189,             0
FRAGHIST_BIN_20_total_count, 189,             0

FRAGHIST_BIN_21_count, 189,             0
FRAGHIST_BIN_21_total_count, 189,             0

FRAGHIST_BIN_22_count, 189,             0
FRAGHIST_BIN_22_total_count, 189,             0

FRAGHIST_BIN_23_count, 189,             0
FRAGHIST_BIN_23_total_count, 189,             0

FRAGHIST_BIN_24_count, 189,             0
FRAGHIST_BIN_24_total_count, 189,             0

FRAGHIST_BIN_25_count, 189,             0
FRAGHIST_BIN_25_total_count, 189,             0

FRAGHIST_BIN_26_count, 189,             0
FRAGHIST_BIN_26_total_count, 189,             0

FRAGHIST_BIN_27_count, 189,             0
FRAGHIST_BIN_27_total_count, 189,             0

FRAGHIST_BIN_28_count, 189,             0
FRAGHIST_BIN_28_total_count, 189,             0

FRAGHIST_BIN_29_count, 189,             0
FRAGHIST_BIN_29_total_count, 189,             0

FRAGHIST_BIN_30_count, 189,             0
FRAGHIST_BIN_30_total_count, 189,             0

FRAGHIST_BIN_31_count, 189,             0
FRAGHIST_BIN_31_total_count, 189,             0

FRAGHIST_BIN_32_count, 189,             0
FRAGHIST_BIN_32_total_count, 189,             0

BTB_UPDATE_BTB_HIT_JITTED_NOT_CF_count, 190,             0
BTB_UPDATE_BTB_HIT_JITTED_NOT_CF_total_count, 190,             0

BTB_UPDATE_BTB_HIT_JITTED_CF_BR_count, 190,             0
BTB_UPDATE_BTB_HIT_JITTED_CF_BR_total_count, 190,             0

BTB_UPDATE_BTB_HIT_JITTED_CF_CBR_count, 190,             0
BTB_UPDATE_BTB_HIT_JITTED_CF_CBR_total_count, 190,             0

BTB_UPDATE_BTB_HIT_JITTED_CF_CALL_count, 190,             0
BTB_UPDATE_BTB_HIT_JITTED_CF_CALL_total_count, 190,             0

BTB_UPDATE_BTB_HIT_JITTED_CF_IBR_count, 190,             0
BTB_UPDATE_BTB_HIT_JITTED_CF_IBR_total_count, 190,             0

BTB_UPDATE_BTB_HIT_JITTED_CF_ICALL_count, 190,         36730
BTB_UPDATE_BTB_HIT_JITTED_CF_ICALL_total_count, 190,        112370

BTB_UPDATE_BTB_HIT_JITTED_CF_ICO_count, 190,          8969
BTB_UPDATE_BTB_HIT_JITTED_CF_ICO_total_count, 190,         26862

BTB_UPDATE_BTB_HIT_JITTED_CF_RET_count, 190,             0
BTB_UPDATE_BTB_HIT_JITTED_CF_RET_total_count, 190,             0

RESTEER_BTB_MISS_NOT_CF_count, 191,         56722
RESTEER_BTB_MISS_NOT_CF_total_count, 191,        169335

RESTEER_BTB_MISS_CF_BR_count, 191,             0
RESTEER_BTB_MISS_CF_BR_total_count, 191,             0

RESTEER_BTB_MISS_CF_CBR_count, 191,            16
RESTEER_BTB_MISS_CF_CBR_total_count, 191,           396

RESTEER_BTB_MISS_CF_REP_count, 191,            10
RESTEER_BTB_MISS_CF_REP_total_count, 191,            22

RESTEER_BTB_MISS_CF_CALL_count, 191,             0
RESTEER_BTB_MISS_CF_CALL_total_count, 191,             0

RESTEER_BTB_MISS_CF_IBR_count, 191,            13
RESTEER_BTB_MISS_CF_IBR_total_count, 191,           542

RESTEER_BTB_MISS_CF_ICALL_count, 191,             0
RESTEER_BTB_MISS_CF_ICALL_total_count, 191,             0

RESTEER_BTB_MISS_CF_ICO_count, 191,             0
RESTEER_BTB_MISS_CF_ICO_total_count, 191,             0

RESTEER_BTB_MISS_CF_RET_count, 191,             0
RESTEER_BTB_MISS_CF_RET_total_count, 191,             0

RESTEER_RECOVER_AT_EXEC_NOT_CF_count, 191,             0
RESTEER_RECOVER_AT_EXEC_NOT_CF_total_count, 191,             0

RESTEER_RECOVER_AT_EXEC_CF_BR_count, 191,             0
RESTEER_RECOVER_AT_EXEC_CF_BR_total_count, 191,             0

RESTEER_RECOVER_AT_EXEC_CF_CBR_count, 191,          4974
RESTEER_RECOVER_AT_EXEC_CF_CBR_total_count, 191,         14998

RESTEER_RECOVER_AT_EXEC_CF_REP_count, 191,             0
RESTEER_RECOVER_AT_EXEC_CF_REP_total_count, 191,             0

RESTEER_RECOVER_AT_EXEC_CF_CALL_count, 191,             0
RESTEER_RECOVER_AT_EXEC_CF_CALL_total_count, 191,             0

RESTEER_RECOVER_AT_EXEC_CF_IBR_count, 191,          6350
RESTEER_RECOVER_AT_EXEC_CF_IBR_total_count, 191,         17810

RESTEER_RECOVER_AT_EXEC_CF_ICALL_count, 191,          1172
RESTEER_RECOVER_AT_EXEC_CF_ICALL_total_count, 191,          3829

RESTEER_RECOVER_AT_EXEC_CF_ICO_count, 191,             0
RESTEER_RECOVER_AT_EXEC_CF_ICO_total_count, 191,             0

RESTEER_RECOVER_AT_EXEC_CF_RET_count, 191,          2010
RESTEER_RECOVER_AT_EXEC_CF_RET_total_count, 191,          5929

RESTEER_RECOVER_AT_DECODE_NOT_CF_count, 191,             0
RESTEER_RECOVER_AT_DECODE_NOT_CF_total_count, 191,             0

RESTEER_RECOVER_AT_DECODE_CF_BR_count, 191,             0
RESTEER_RECOVER_AT_DECODE_CF_BR_total_count, 191,             0

RESTEER_RECOVER_AT_DECODE_CF_CBR_count, 191,             0
RESTEER_RECOVER_AT_DECODE_CF_CBR_total_count, 191,             0

RESTEER_RECOVER_AT_DECODE_CF_REP_count, 191,             0
RESTEER_RECOVER_AT_DECODE_CF_REP_total_count, 191,             0

RESTEER_RECOVER_AT_DECODE_CF_CALL_count, 191,             0
RESTEER_RECOVER_AT_DECODE_CF_CALL_total_count, 191,             0

RESTEER_RECOVER_AT_DECODE_CF_IBR_count, 191,             0
RESTEER_RECOVER_AT_DECODE_CF_IBR_total_count, 191,             0

RESTEER_RECOVER_AT_DECODE_CF_ICALL_count, 191,             0
RESTEER_RECOVER_AT_DECODE_CF_ICALL_total_count, 191,             0

RESTEER_RECOVER_AT_DECODE_CF_ICO_count, 191,             0
RESTEER_RECOVER_AT_DECODE_CF_ICO_total_count, 191,             0

RESTEER_RECOVER_AT_DECODE_CF_RET_count, 191,             0
RESTEER_RECOVER_AT_DECODE_CF_RET_total_count, 191,             0

RESTEER_NO_TARGET_CF_IBR_count, 191,             0
RESTEER_NO_TARGET_CF_IBR_total_count, 191,             0

RESTEER_NO_TARGET_CF_ICALL_count, 191,             0
RESTEER_NO_TARGET_CF_ICALL_total_count, 191,             0

RESTEER_NO_TARGET_CF_ICO_count, 191,             0
RESTEER_NO_TARGET_CF_ICO_total_count, 191,             0

RESTEER_NO_TARGET_CF_RET_count, 191,             0
RESTEER_NO_TARGET_CF_RET_total_count, 191,             0

TAGESCL_COMP_TAGE_BASE_CORRECT_count, 192,       1087880
TAGESCL_COMP_TAGE_BASE_CORRECT_total_count, 192,       3369487

TAGESCL_COMP_TAGE_BASE_RECOVER_AT_EXEC_count, 192,           193
TAGESCL_COMP_TAGE_BASE_RECOVER_AT_EXEC_total_count, 192,          1828

TAGESCL_COMP_TAGE_SHORT_CORRECT_count, 192,        363475
TAGESCL_COMP_TAGE_SHORT_CORRECT_total_count, 192,       1011908

TAGESCL_COMP_TAGE_SHORT_RECOVER_AT_EXEC_count, 192,           856
TAGESCL_COMP_TAGE_SHORT_RECOVER_AT_EXEC_total_count, 192,          2672

TAGESCL_COMP_TAGE_LONG_CORRECT_count, 192,        143061
TAGESCL_COMP_TAGE_LONG_CORRECT_total_count, 192,        372980

TAGESCL_COMP_TAGE_LONG_RECOVER_AT_EXEC_count, 192,          3257
TAGESCL_COMP_TAGE_LONG_RECOVER_AT_EXEC_total_count, 192,          8856

TAGESCL_COMP_LOOP_CORRECT_count, 192,          1374
TAGESCL_COMP_LOOP_CORRECT_total_count, 192,         19244

TAGESCL_COMP_LOOP_RECOVER_AT_EXEC_count, 192,             7
TAGESCL_COMP_LOOP_RECOVER_AT_EXEC_total_count, 192,            26

TAGESCL_COMP_SC_CORRECT_count, 192,          1245
TAGESCL_COMP_SC_CORRECT_total_count, 192,          2860

TAGESCL_COMP_SC_RECOVER_AT_EXEC_count, 192,           661
TAGESCL_COMP_SC_RECOVER_AT_EXEC_total_count, 192,          1616

TAGESCL_COMP_BTB_MISS_TAGE_BASE_CORRECT_count, 193,        959221
TAGESCL_COMP_BTB_MISS_TAGE_BASE_CORRECT_total_count, 193,       3042073

TAGESCL_COMP_BTB_MISS_TAGE_BASE_RECOVER_AT_EXEC_count, 193,            37
TAGESCL_COMP_BTB_MISS_TAGE_BASE_RECOVER_AT_EXEC_total_count, 193,           893

TAGESCL_COMP_BTB_MISS_TAGE_SHORT_CORRECT_count, 193,         39297
TAGESCL_COMP_BTB_MISS_TAGE_SHORT_CORRECT_total_count, 193,        112996

TAGESCL_COMP_BTB_MISS_TAGE_SHORT_RECOVER_AT_EXEC_count, 193,            13
TAGESCL_COMP_BTB_MISS_TAGE_SHORT_RECOVER_AT_EXEC_total_count, 193,            98

TAGESCL_COMP_BTB_MISS_TAGE_LONG_CORRECT_count, 193,         13539
TAGESCL_COMP_BTB_MISS_TAGE_LONG_CORRECT_total_count, 193,         36344

TAGESCL_COMP_BTB_MISS_TAGE_LONG_RECOVER_AT_EXEC_count, 193,            29
TAGESCL_COMP_BTB_MISS_TAGE_LONG_RECOVER_AT_EXEC_total_count, 193,            88

TAGESCL_COMP_BTB_MISS_LOOP_CORRECT_count, 193,           368
TAGESCL_COMP_BTB_MISS_LOOP_CORRECT_total_count, 193,           526

TAGESCL_COMP_BTB_MISS_LOOP_RECOVER_AT_EXEC_count, 193,             1
TAGESCL_COMP_BTB_MISS_LOOP_RECOVER_AT_EXEC_total_count, 193,             1

TAGESCL_COMP_BTB_MISS_SC_CORRECT_count, 193,             7
TAGESCL_COMP_BTB_MISS_SC_CORRECT_total_count, 193,            31

TAGESCL_COMP_BTB_MISS_SC_RECOVER_AT_EXEC_count, 193,             6
TAGESCL_COMP_BTB_MISS_SC_RECOVER_AT_EXEC_total_count, 193,            12

TAGESCL_CONF_0_PER_BASE_RECOVER_AT_EXEC_count, 194,             0
TAGESCL_CONF_0_PER_BASE_RECOVER_AT_EXEC_total_count, 194,             0

TAGESCL_CONF_1_PER_BASE_RECOVER_AT_EXEC_count, 194,            91
TAGESCL_CONF_1_PER_BASE_RECOVER_AT_EXEC_total_count, 194,           891

TAGESCL_CONF_2_PER_BASE_RECOVER_AT_EXEC_count, 194,             0
TAGESCL_CONF_2_PER_BASE_RECOVER_AT_EXEC_total_count, 194,             0

TAGESCL_CONF_3_PER_BASE_RECOVER_AT_EXEC_count, 194,           102
TAGESCL_CONF_3_PER_BASE_RECOVER_AT_EXEC_total_count, 194,           937

TAGESCL_CONF_0_PER_SHORT_RECOVER_AT_EXEC_count, 194,           114
TAGESCL_CONF_0_PER_SHORT_RECOVER_AT_EXEC_total_count, 194,           371

TAGESCL_CONF_1_PER_SHORT_RECOVER_AT_EXEC_count, 194,           321
TAGESCL_CONF_1_PER_SHORT_RECOVER_AT_EXEC_total_count, 194,          1076

TAGESCL_CONF_2_PER_SHORT_RECOVER_AT_EXEC_count, 194,            98
TAGESCL_CONF_2_PER_SHORT_RECOVER_AT_EXEC_total_count, 194,           278

TAGESCL_CONF_3_PER_SHORT_RECOVER_AT_EXEC_count, 194,           323
TAGESCL_CONF_3_PER_SHORT_RECOVER_AT_EXEC_total_count, 194,           947

TAGESCL_CONF_0_PER_LONG_RECOVER_AT_EXEC_count, 194,           505
TAGESCL_CONF_0_PER_LONG_RECOVER_AT_EXEC_total_count, 194,          1459

TAGESCL_CONF_1_PER_LONG_RECOVER_AT_EXEC_count, 194,           852
TAGESCL_CONF_1_PER_LONG_RECOVER_AT_EXEC_total_count, 194,          2692

TAGESCL_CONF_2_PER_LONG_RECOVER_AT_EXEC_count, 194,           541
TAGESCL_CONF_2_PER_LONG_RECOVER_AT_EXEC_total_count, 194,          1384

TAGESCL_CONF_3_PER_LONG_RECOVER_AT_EXEC_count, 194,          1359
TAGESCL_CONF_3_PER_LONG_RECOVER_AT_EXEC_total_count, 194,          3321

TAGESCL_CONF_0_PER_LOOP_RECOVER_AT_EXEC_count, 194,             0
TAGESCL_CONF_0_PER_LOOP_RECOVER_AT_EXEC_total_count, 194,             1

TAGESCL_CONF_1_PER_LOOP_RECOVER_AT_EXEC_count, 194,             1
TAGESCL_CONF_1_PER_LOOP_RECOVER_AT_EXEC_total_count, 194,             5

TAGESCL_CONF_2_PER_LOOP_RECOVER_AT_EXEC_count, 194,             2
TAGESCL_CONF_2_PER_LOOP_RECOVER_AT_EXEC_total_count, 194,             2

TAGESCL_CONF_3_PER_LOOP_RECOVER_AT_EXEC_count, 194,             4
TAGESCL_CONF_3_PER_LOOP_RECOVER_AT_EXEC_total_count, 194,            18

TAGESCL_CONF_0_PER_SC_RECOVER_AT_EXEC_count, 194,           148
TAGESCL_CONF_0_PER_SC_RECOVER_AT_EXEC_total_count, 194,           348

TAGESCL_CONF_1_PER_SC_RECOVER_AT_EXEC_count, 194,           409
TAGESCL_CONF_1_PER_SC_RECOVER_AT_EXEC_total_count, 194,          1072

TAGESCL_CONF_2_PER_SC_RECOVER_AT_EXEC_count, 194,            69
TAGESCL_CONF_2_PER_SC_RECOVER_AT_EXEC_total_count, 194,           143

TAGESCL_CONF_3_PER_SC_RECOVER_AT_EXEC_count, 194,            35
TAGESCL_CONF_3_PER_SC_RECOVER_AT_EXEC_total_count, 194,            53

TAGESCL_SC_SMALLLSUM_count, 195,          1583
TAGESCL_SC_SMALLLSUM_total_count, 195,          3893

TAGESCL_SC_SMALLLFIRST_count, 195,             0
TAGESCL_SC_SMALLLFIRST_total_count, 195,             1

TAGESCL_SC_SMALLLSECOND_count, 195,            14
TAGESCL_SC_SMALLLSECOND_total_count, 195,            26

TAGESCL_SC_IDENTICAL_count, 195,       1599938
TAGESCL_SC_IDENTICAL_total_count, 195,       4786666

CRS_UNDERFLOW_ON_PATH_count, 196,             0
CRS_UNDERFLOW_ON_PATH_total_count, 196,            26

CRS_UNDERFLOW_OFF_PATH_count, 196,          9176
CRS_UNDERFLOW_OFF_PATH_total_count, 196,         44818



