load1_pc,load2_pc,offset_delta,load2_mem_size
0x40e5dd,0x40e5e4,8,8
0x40e61a,0x40e61f,8,8
0x40e640,0x40e5d1,0,4
0x41c39d,0x41c3a1,16,8
0x41c3e3,0x41c3e4,8,8
0x40d5f0,0x40d5f4,8,8
0x40e633,0x40e633,1,1
0x40c211,0x40c211,1,1
0x423321,0x42339f,16,8
0x423456,0x42346e,16,8
0x42346f,0x423470,8,8
0x423472,0x423474,8,8
0x423476,0x423478,8,8
0x4233b9,0x4233eb,-4,4
0x4231fe,0x42321b,8,8
0x40c130,0x40c211,1,1
0x40c1ce,0x40c1d9,-16,8
0x40c269,0x40c36a,12,4
0x40c37b,0x40c38f,20,8
0x40c390,0x40c391,8,8
0x40c393,0x40c395,8,8
0x40c397,0x40c399,8,8
0x40e640,0x40ec60,0,4
0x40e666,0x40e686,16,8
0x40e6e2,0x40e6f6,16,8
0x40e6f0,0x40e739,0,4
0x410960,0x411a02,0,4
0x411755,0x411769,16,8
0x40d26e,0x40d1ec,0,8
0x40d5d8,0x40ebbc,28,4
0x40d5e5,0x40d654,-16,4
0x40d660,0x40d667,16,1
0x40e436,0x40e43a,8,8
0x40e450,0x40ef7e,16,4
0x40e4c3,0x40ef96,-4,4
0x40e584,0x40e593,4,4
0x40e6c0,0x40e6c7,8,8
0x40d609,0x40d609,0,8
0x40d618,0x40c13f,1,1
0x40d330,0x40d33b,0,8
0x425b0a,0x425cea,4,4
0x425d03,0x425d17,4,4
0x423384,0x423391,16,8
0x425743,0x425d25,-24,8
0x425924,0x425926,8,8
0x425928,0x42592a,8,8
0x425921,0x425922,8,8
0x4266d0,0x4266d1,8,8
0x4266d3,0x4266d5,8,8
0x4266d7,0x4266d9,8,8
0x428b26,0x428b27,8,8
0x428b28,0x428b2a,8,8
0x428b2c,0x428b2e,8,8
0x42666f,0x4266b2,0,8
0x423325,0x423410,-16,4
0x423410,0x42345b,16,8
0x4233cb,0x425d29,0,8
0x4253cf,0x4260fa,-4,4
0x42328f,0x4231b4,16,8
0x423089,0x42308e,0,8
0x4230ff,0x4231c5,16,8
0x42328f,0x4230a3,24,8
0x4232c9,0x4232ce,8,8
0x425795,0x4257eb,16,8
0x4257c4,0x4257db,-8,8
0x42587a,0x425869,0,8
0x4233a9,0x4233a9,2,2
0x428b6d,0x423447,-48,8
0x423074,0x42307f,40,8
0x423232,0x4231a0,48,1
0x40e633,0x41c3a7,0,1
0x41c3a7,0x40e44c,0,1
0x40d606,0x40d606,1,1
0x402228,0x40223f,4,4
0x402254,0x402264,0,4
0x40225f,0x40226f,0,4
0x40c07b,0x40d050,0,8
0x40c10d,0x40d05b,-8,8
0x40d07e,0x40d090,16,8
0x40d0a2,0x40d450,40,8
0x40d0ba,0x40d127,0,4
0x40d0c4,0x40d135,0,8
0x40d0dd,0x40d0e1,-8,8
0x40d26e,0x40d280,8,4
0x40d738,0x417838,8,8
0x40d787,0x40d794,-48,8
0x40d7bf,0x40d7c0,8,8
0x40d7c2,0x40d7c4,8,8
0x40d7c6,0x40d7c8,8,8
0x40e72c,0x41dc04,32,8
0x411a12,0x40d766,-36,8
0x417851,0x417852,8,8
0x417853,0x417855,8,8
0x40c07b,0x40d5b9,24,4
0x40d275,0x40d275,1,1
0x40222d,0x40224d,20,8
0x40c135,0x40d20a,0,8
0x40cf3a,0x40d03c,0,8
0x40d7a6,0x40cf82,0,8
0x40d741,0x40d449,0,8
0x40d275,0x40d34e,-4,1
0x411776,0x40cf7d,-32,8
0x40d606,0x41c3a7,0,1
0x40e44c,0x40e633,1,1
0x40c211,0x40e725,-20,8
0x40e725,0x40d772,0,8
0x42336b,0x42336b,0,8
0x42345b,0x423325,0,8
0x423398,0x423398,0,8
0x4233dd,0x425d31,0,8
0x425d31,0x4233dd,0,8
0x42336b,0x425707,0,8
0x423391,0x423384,-16,8
0x423391,0x425713,-16,8
0x42345b,0x4289d2,-16,4
0x425707,0x42336b,0,8
0x428974,0x423398,-16,8
0x4289d2,0x423325,16,8
0x423398,0x428974,16,1
0x4233dd,0x4233dd,0,8
0x425713,0x423384,0,8
0x4257b4,0x4257b4,0,8
0x4231c5,0x4231c5,0,8
0x40d33b,0x40d342,8,8
0x40e725,0x40d330,0,8
0x41784a,0x40d606,1,1
0x41c3a7,0x41784a,0,1
0x41c3a7,0x40d606,0,1
