Core, 0, 0
Cumulative_Cycles, 0, 29513394            
Cumulative_Instructions, 0, 59999999            
Periodic_Cycles, 0, 29513394            
Periodic_Instructions, 0, 59999999            
L0_ALL_PREDICTIONS_count, 27,      11301544
L0_ALL_PREDICTIONS_total_count, 27,      11301544

MAIN_ALL_PREDICTIONS_count, 27,      11301544
MAIN_ALL_PREDICTIONS_total_count, 27,      11301544

L0_ALL_RECOVER_AT_EXEC_count, 28,       2092419
L0_ALL_RECOVER_AT_EXEC_total_count, 28,       2092419

MAIN_ALL_RECOVER_AT_EXEC_count, 28,        188703
MAIN_ALL_RECOVER_AT_EXEC_total_count, 28,        188703

L0_ALL_RECOVER_AT_DECODE_count, 29,             0
L0_ALL_RECOVER_AT_DECODE_total_count, 29,             0

MAIN_ALL_RECOVER_AT_DECODE_count, 29,           323
MAIN_ALL_RECOVER_AT_DECODE_total_count, 29,           323

L0_ALL_PREDICTIONS_OFFPATH_count, 30,      19689088
L0_ALL_PREDICTIONS_OFFPATH_total_count, 30,      19689088

MAIN_ALL_PREDICTIONS_OFFPATH_count, 30,      19689088
MAIN_ALL_PREDICTIONS_OFFPATH_total_count, 30,      19689088

L0_ALL_RECOVER_AT_EXEC_OFFPATH_count, 31,       3221299
L0_ALL_RECOVER_AT_EXEC_OFFPATH_total_count, 31,       3221299

MAIN_ALL_RECOVER_AT_EXEC_OFFPATH_count, 31,       1586286
MAIN_ALL_RECOVER_AT_EXEC_OFFPATH_total_count, 31,       1586286

L0_ALL_RECOVER_AT_DECODE_OFFPATH_count, 32,             0
L0_ALL_RECOVER_AT_DECODE_OFFPATH_total_count, 32,             0

MAIN_ALL_RECOVER_AT_DECODE_OFFPATH_count, 32,           256
MAIN_ALL_RECOVER_AT_DECODE_OFFPATH_total_count, 32,           256

MAIN_CBR_CORRECT_count, 33,       2546170
MAIN_CBR_CORRECT_total_count, 33,       2546170

MAIN_CBR_CORRECT_BTB_MISS_NT_NT_count, 33,       6757537
MAIN_CBR_CORRECT_BTB_MISS_NT_NT_total_count, 33,       6757537

MAIN_CBR_RECOVER_AT_EXEC_count, 33,          8364
MAIN_CBR_RECOVER_AT_EXEC_total_count, 33,          8364

MAIN_CBR_RECOVER_AT_DECODE_count, 33,             0
MAIN_CBR_RECOVER_AT_DECODE_total_count, 33,             0

MAIN_CBR_RECOVER_BTB_MISS_T_T_count, 33,            15
MAIN_CBR_RECOVER_BTB_MISS_T_T_total_count, 33,            15

MAIN_CBR_RECOVER_BTB_MISS_T_NT_count, 33,           191
MAIN_CBR_RECOVER_BTB_MISS_T_NT_total_count, 33,           191

MAIN_CBR_RECOVER_BTB_MISS_NT_T_count, 33,           512
MAIN_CBR_RECOVER_BTB_MISS_NT_T_total_count, 33,           512

MAIN_BR_CORRECT_count, 34,        208602
MAIN_BR_CORRECT_total_count, 34,        208602

MAIN_BR_RECOVER_count, 34,           134
MAIN_BR_RECOVER_total_count, 34,           134

MAIN_ICALL_CORRECT_IBTB_count, 35,        264978
MAIN_ICALL_CORRECT_IBTB_total_count, 35,        264978

MAIN_ICALL_CORRECT_BTB_count, 35,          4297
MAIN_ICALL_CORRECT_BTB_total_count, 35,          4297

MAIN_ICALL_RECOVER_AT_EXEC_IBTB_count, 35,         13492
MAIN_ICALL_RECOVER_AT_EXEC_IBTB_total_count, 35,         13492

MAIN_ICALL_RECOVER_AT_EXEC_BTB_count, 35,          3637
MAIN_ICALL_RECOVER_AT_EXEC_BTB_total_count, 35,          3637

MAIN_ICALL_RECOVER_AT_EXEC_XBTB_MISS_count, 35,            90
MAIN_ICALL_RECOVER_AT_EXEC_XBTB_MISS_total_count, 35,            90

MAIN_IBR_CORRECT_IBTB_count, 36,        406882
MAIN_IBR_CORRECT_IBTB_total_count, 36,        406882

MAIN_IBR_CORRECT_BTB_count, 36,         22292
MAIN_IBR_CORRECT_BTB_total_count, 36,         22292

MAIN_IBR_RECOVER_AT_EXEC_IBTB_count, 36,         92943
MAIN_IBR_RECOVER_AT_EXEC_IBTB_total_count, 36,         92943

MAIN_IBR_RECOVER_AT_EXEC_BTB_count, 36,         50907
MAIN_IBR_RECOVER_AT_EXEC_BTB_total_count, 36,         50907

MAIN_IBR_RECOVER_AT_EXEC_XBTB_MISS_count, 36,            75
MAIN_IBR_RECOVER_AT_EXEC_XBTB_MISS_total_count, 36,            75

MAIN_ICO_CORRECT_count, 37,             0
MAIN_ICO_CORRECT_total_count, 37,             0

MAIN_ICO_RECOVER_count, 37,             0
MAIN_ICO_RECOVER_total_count, 37,             0

MAIN_RET_CORRECT_count, 38,        584977
MAIN_RET_CORRECT_total_count, 38,        584977

MAIN_RET_RECOVER_count, 38,         18464
MAIN_RET_RECOVER_total_count, 38,         18464

MAIN_RET_RECOVER_UFLOW_count, 38,            28
MAIN_RET_RECOVER_UFLOW_total_count, 38,            28

MAIN_CALL_CORRECT_count, 39,        316783
MAIN_CALL_CORRECT_total_count, 39,        316783

MAIN_CALL_RECOVER_count, 39,           174
MAIN_CALL_RECOVER_total_count, 39,           174

L0_CBR_CORRECT_count, 40,        597727
L0_CBR_CORRECT_total_count, 40,        597727

L0_CBR_CORRECT_BTB_MISS_NT_NT_count, 40,       7772109
L0_CBR_CORRECT_BTB_MISS_NT_NT_total_count, 40,       7772109

L0_CBR_RECOVER_AT_EXEC_count, 40,        152554
L0_CBR_RECOVER_AT_EXEC_total_count, 40,        152554

L0_CBR_RECOVER_AT_DECODE_count, 40,             0
L0_CBR_RECOVER_AT_DECODE_total_count, 40,             0

L0_CBR_RECOVER_BTB_MISS_T_T_count, 40,        410097
L0_CBR_RECOVER_BTB_MISS_T_T_total_count, 40,        410097

L0_CBR_RECOVER_BTB_MISS_T_NT_count, 40,        145064
L0_CBR_RECOVER_BTB_MISS_T_NT_total_count, 40,        145064

L0_CBR_RECOVER_BTB_MISS_NT_T_count, 40,        235238
L0_CBR_RECOVER_BTB_MISS_NT_T_total_count, 40,        235238

L0_BR_CORRECT_count, 41,         77609
L0_BR_CORRECT_total_count, 41,         77609

L0_BR_RECOVER_count, 41,        131127
L0_BR_RECOVER_total_count, 41,        131127

L0_ICALL_CORRECT_IBTB_count, 42,             0
L0_ICALL_CORRECT_IBTB_total_count, 42,             0

L0_ICALL_CORRECT_BTB_count, 42,          1925
L0_ICALL_CORRECT_BTB_total_count, 42,          1925

L0_ICALL_RECOVER_AT_EXEC_IBTB_count, 42,        278470
L0_ICALL_RECOVER_AT_EXEC_IBTB_total_count, 42,        278470

L0_ICALL_RECOVER_AT_EXEC_BTB_count, 42,          2094
L0_ICALL_RECOVER_AT_EXEC_BTB_total_count, 42,          2094

L0_ICALL_RECOVER_AT_EXEC_XBTB_MISS_count, 42,          4005
L0_ICALL_RECOVER_AT_EXEC_XBTB_MISS_total_count, 42,          4005

L0_IBR_CORRECT_IBTB_count, 43,         23407
L0_IBR_CORRECT_IBTB_total_count, 43,         23407

L0_IBR_CORRECT_BTB_count, 43,         17683
L0_IBR_CORRECT_BTB_total_count, 43,         17683

L0_IBR_RECOVER_AT_EXEC_IBTB_count, 43,        476418
L0_IBR_RECOVER_AT_EXEC_IBTB_total_count, 43,        476418

L0_IBR_RECOVER_AT_EXEC_BTB_count, 43,         39723
L0_IBR_RECOVER_AT_EXEC_BTB_total_count, 43,         39723

L0_IBR_RECOVER_AT_EXEC_XBTB_MISS_count, 43,         15868
L0_IBR_RECOVER_AT_EXEC_XBTB_MISS_total_count, 43,         15868

L0_ICO_CORRECT_count, 44,             0
L0_ICO_CORRECT_total_count, 44,             0

L0_ICO_RECOVER_count, 44,             0
L0_ICO_RECOVER_total_count, 44,             0

L0_RET_CORRECT_count, 45,        584977
L0_RET_CORRECT_total_count, 45,        584977

L0_RET_RECOVER_count, 45,         18464
L0_RET_RECOVER_total_count, 45,         18464

L0_RET_RECOVER_UFLOW_count, 45,            28
L0_RET_RECOVER_UFLOW_total_count, 45,            28

L0_CALL_CORRECT_count, 46,        133688
L0_CALL_CORRECT_total_count, 46,        133688

L0_CALL_RECOVER_count, 46,        183269
L0_CALL_RECOVER_total_count, 46,        183269

MAIN_CBR_CORRECT_OFFPATH_count, 47,       3660955
MAIN_CBR_CORRECT_OFFPATH_total_count, 47,       3660955

MAIN_CBR_CORRECT_BTB_MISS_NT_NT_OFFPATH_count, 47,      11719007
MAIN_CBR_CORRECT_BTB_MISS_NT_NT_OFFPATH_total_count, 47,      11719007

MAIN_CBR_RECOVER_AT_EXEC_OFFPATH_count, 47,        934880
MAIN_CBR_RECOVER_AT_EXEC_OFFPATH_total_count, 47,        934880

MAIN_CBR_RECOVER_AT_DECODE_OFFPATH_count, 47,             0
MAIN_CBR_RECOVER_AT_DECODE_OFFPATH_total_count, 47,             0

MAIN_CBR_RECOVER_BTB_MISS_T_T_OFFPATH_count, 47,            46
MAIN_CBR_RECOVER_BTB_MISS_T_T_OFFPATH_total_count, 47,            46

MAIN_CBR_RECOVER_BTB_MISS_T_NT_OFFPATH_count, 47,         37980
MAIN_CBR_RECOVER_BTB_MISS_T_NT_OFFPATH_total_count, 47,         37980

MAIN_CBR_RECOVER_BTB_MISS_NT_T_OFFPATH_count, 47,           367
MAIN_CBR_RECOVER_BTB_MISS_NT_T_OFFPATH_total_count, 47,           367

MAIN_BR_CORRECT_OFFPATH_count, 48,        346072
MAIN_BR_CORRECT_OFFPATH_total_count, 48,        346072

MAIN_BR_RECOVER_OFFPATH_count, 48,            88
MAIN_BR_RECOVER_OFFPATH_total_count, 48,            88

MAIN_ICALL_CORRECT_IBTB_OFFPATH_count, 49,        264855
MAIN_ICALL_CORRECT_IBTB_OFFPATH_total_count, 49,        264855

MAIN_ICALL_CORRECT_BTB_OFFPATH_count, 49,        227779
MAIN_ICALL_CORRECT_BTB_OFFPATH_total_count, 49,        227779

MAIN_ICALL_RECOVER_AT_EXEC_IBTB_OFFPATH_count, 49,         29210
MAIN_ICALL_RECOVER_AT_EXEC_IBTB_OFFPATH_total_count, 49,         29210

MAIN_ICALL_RECOVER_AT_EXEC_BTB_OFFPATH_count, 49,          4007
MAIN_ICALL_RECOVER_AT_EXEC_BTB_OFFPATH_total_count, 49,          4007

MAIN_ICALL_RECOVER_AT_EXEC_XBTB_MISS_OFFPATH_count, 49,           123
MAIN_ICALL_RECOVER_AT_EXEC_XBTB_MISS_OFFPATH_total_count, 49,           123

MAIN_IBR_CORRECT_IBTB_OFFPATH_count, 50,        377176
MAIN_IBR_CORRECT_IBTB_OFFPATH_total_count, 50,        377176

MAIN_IBR_CORRECT_BTB_OFFPATH_count, 50,        286734
MAIN_IBR_CORRECT_BTB_OFFPATH_total_count, 50,        286734

MAIN_IBR_RECOVER_AT_EXEC_IBTB_OFFPATH_count, 50,        223371
MAIN_IBR_RECOVER_AT_EXEC_IBTB_OFFPATH_total_count, 50,        223371

MAIN_IBR_RECOVER_AT_EXEC_BTB_OFFPATH_count, 50,         42539
MAIN_IBR_RECOVER_AT_EXEC_BTB_OFFPATH_total_count, 50,         42539

MAIN_IBR_RECOVER_AT_EXEC_XBTB_MISS_OFFPATH_count, 50,            94
MAIN_IBR_RECOVER_AT_EXEC_XBTB_MISS_OFFPATH_total_count, 50,            94

MAIN_ICO_CORRECT_OFFPATH_count, 51,             0
MAIN_ICO_CORRECT_OFFPATH_total_count, 51,             0

MAIN_ICO_RECOVER_OFFPATH_count, 51,             0
MAIN_ICO_RECOVER_OFFPATH_total_count, 51,             0

MAIN_RET_CORRECT_OFFPATH_count, 52,        671398
MAIN_RET_CORRECT_OFFPATH_total_count, 52,        671398

MAIN_RET_RECOVER_OFFPATH_count, 52,        301667
MAIN_RET_RECOVER_OFFPATH_total_count, 52,        301667

MAIN_RET_RECOVER_UFLOW_OFFPATH_count, 52,         12048
MAIN_RET_RECOVER_UFLOW_OFFPATH_total_count, 52,         12048

MAIN_CALL_CORRECT_OFFPATH_count, 53,        548570
MAIN_CALL_CORRECT_OFFPATH_total_count, 53,        548570

MAIN_CALL_RECOVER_OFFPATH_count, 53,           122
MAIN_CALL_RECOVER_OFFPATH_total_count, 53,           122

L0_CBR_CORRECT_OFFPATH_count, 54,       1215774
L0_CBR_CORRECT_OFFPATH_total_count, 54,       1215774

L0_CBR_CORRECT_BTB_MISS_NT_NT_OFFPATH_count, 54,      13701392
L0_CBR_CORRECT_BTB_MISS_NT_NT_OFFPATH_total_count, 54,      13701392

L0_CBR_RECOVER_AT_EXEC_OFFPATH_count, 54,        355593
L0_CBR_RECOVER_AT_EXEC_OFFPATH_total_count, 54,        355593

L0_CBR_RECOVER_AT_DECODE_OFFPATH_count, 54,             0
L0_CBR_RECOVER_AT_DECODE_OFFPATH_total_count, 54,             0

L0_CBR_RECOVER_BTB_MISS_T_T_OFFPATH_count, 54,        635494
L0_CBR_RECOVER_BTB_MISS_T_T_OFFPATH_total_count, 54,        635494

L0_CBR_RECOVER_BTB_MISS_T_NT_OFFPATH_count, 54,        205762
L0_CBR_RECOVER_BTB_MISS_T_NT_OFFPATH_total_count, 54,        205762

L0_CBR_RECOVER_BTB_MISS_NT_T_OFFPATH_count, 54,        239220
L0_CBR_RECOVER_BTB_MISS_NT_T_OFFPATH_total_count, 54,        239220

L0_BR_CORRECT_OFFPATH_count, 55,        192894
L0_BR_CORRECT_OFFPATH_total_count, 55,        192894

L0_BR_RECOVER_OFFPATH_count, 55,        153266
L0_BR_RECOVER_OFFPATH_total_count, 55,        153266

L0_ICALL_CORRECT_IBTB_OFFPATH_count, 56,             0
L0_ICALL_CORRECT_IBTB_OFFPATH_total_count, 56,             0

L0_ICALL_CORRECT_BTB_OFFPATH_count, 56,        104553
L0_ICALL_CORRECT_BTB_OFFPATH_total_count, 56,        104553

L0_ICALL_RECOVER_AT_EXEC_IBTB_OFFPATH_count, 56,        294065
L0_ICALL_RECOVER_AT_EXEC_IBTB_OFFPATH_total_count, 56,        294065

L0_ICALL_RECOVER_AT_EXEC_BTB_OFFPATH_count, 56,          1882
L0_ICALL_RECOVER_AT_EXEC_BTB_OFFPATH_total_count, 56,          1882

L0_ICALL_RECOVER_AT_EXEC_XBTB_MISS_OFFPATH_count, 56,        125474
L0_ICALL_RECOVER_AT_EXEC_XBTB_MISS_OFFPATH_total_count, 56,        125474

L0_IBR_CORRECT_IBTB_OFFPATH_count, 57,         29616
L0_IBR_CORRECT_IBTB_OFFPATH_total_count, 57,         29616

L0_IBR_CORRECT_BTB_OFFPATH_count, 57,        202175
L0_IBR_CORRECT_BTB_OFFPATH_total_count, 57,        202175

L0_IBR_RECOVER_AT_EXEC_IBTB_OFFPATH_count, 57,        570931
L0_IBR_RECOVER_AT_EXEC_IBTB_OFFPATH_total_count, 57,        570931

L0_IBR_RECOVER_AT_EXEC_BTB_OFFPATH_count, 57,         38921
L0_IBR_RECOVER_AT_EXEC_BTB_OFFPATH_total_count, 57,         38921

L0_IBR_RECOVER_AT_EXEC_XBTB_MISS_OFFPATH_count, 57,         88271
L0_IBR_RECOVER_AT_EXEC_XBTB_MISS_OFFPATH_total_count, 57,         88271

L0_ICO_CORRECT_OFFPATH_count, 58,             0
L0_ICO_CORRECT_OFFPATH_total_count, 58,             0

L0_ICO_RECOVER_OFFPATH_count, 58,             0
L0_ICO_RECOVER_OFFPATH_total_count, 58,             0

L0_RET_CORRECT_OFFPATH_count, 59,        671398
L0_RET_CORRECT_OFFPATH_total_count, 59,        671398

L0_RET_RECOVER_OFFPATH_count, 59,        301667
L0_RET_RECOVER_OFFPATH_total_count, 59,        301667

L0_RET_RECOVER_UFLOW_OFFPATH_count, 59,         12048
L0_RET_RECOVER_UFLOW_OFFPATH_total_count, 59,         12048

L0_CALL_CORRECT_OFFPATH_count, 60,        349987
L0_CALL_CORRECT_OFFPATH_total_count, 60,        349987

L0_CALL_RECOVER_OFFPATH_count, 60,        198705
L0_CALL_RECOVER_OFFPATH_total_count, 60,        198705

ALL_BTB_CORRECT_count, 61,       3441306
ALL_BTB_CORRECT_total_count, 61,       3441306

ALL_BTB_INCORRECT_BUT_TARGET_CORRECT_count, 61,         11007
ALL_BTB_INCORRECT_BUT_TARGET_CORRECT_total_count, 61,         11007

ALL_BTB_INCORRECT_count, 61,       7245762
ALL_BTB_INCORRECT_total_count, 61,       7245762

ALL_IBTB_CORRECT_count, 62,        671860
ALL_IBTB_CORRECT_total_count, 62,        671860

ALL_IBTB_INCORRECT_count, 62,        187733
ALL_IBTB_INCORRECT_total_count, 62,        187733

ALL_BTB_CORRECT_OFFPATH_count, 63,       6535157
ALL_BTB_CORRECT_OFFPATH_total_count, 63,       6535157

ALL_BTB_INCORRECT_BUT_TARGET_CORRECT_OFFPATH_count, 63,         14991
ALL_BTB_INCORRECT_BUT_TARGET_CORRECT_OFFPATH_total_count, 63,         14991

ALL_BTB_INCORRECT_OFFPATH_count, 63,      12153827
ALL_BTB_INCORRECT_OFFPATH_total_count, 63,      12153827

ALL_IBTB_CORRECT_OFFPATH_count, 64,        642031
ALL_IBTB_CORRECT_OFFPATH_total_count, 64,        642031

ALL_IBTB_INCORRECT_OFFPATH_count, 64,        813857
ALL_IBTB_INCORRECT_OFFPATH_total_count, 64,        813857

CRS_MISS_count, 65,         36984
CRS_MISS_total_count, 65,         36984

CRS_HIT_count, 65,       1169954
CRS_HIT_total_count, 65,       1169954

CRS_MISS_OFFPATH_count, 66,        627430
CRS_MISS_OFFPATH_total_count, 66,        627430

CRS_HIT_OFFPATH_count, 66,       1342796
CRS_HIT_OFFPATH_total_count, 66,       1342796

CRS_CLOBBER_count, 0,             0
CRS_CLOBBER_total_count, 0,             0

IBTB_TARG_CACHE_MISS_count, 67,        187733
IBTB_TARG_CACHE_MISS_total_count, 67,        187733

IBTB_TARG_CACHE_HIT_count, 67,        671860
IBTB_TARG_CACHE_HIT_total_count, 67,        671860

IBTB_TARG_CACHE_MISS_OFFPATH_count, 68,        813857
IBTB_TARG_CACHE_MISS_OFFPATH_total_count, 68,        813857

IBTB_TARG_CACHE_HIT_OFFPATH_count, 68,        642031
IBTB_TARG_CACHE_HIT_OFFPATH_total_count, 68,        642031

IBTB_TARG_CACHE_WRITE_count, 69,        859593
IBTB_TARG_CACHE_WRITE_total_count, 69,        859593

IBTB_TARG_CACHE_WRITE_OFFPATH_count, 69,         95209
IBTB_TARG_CACHE_WRITE_OFFPATH_total_count, 69,         95209

BTB_WRITE_count, 70,        524108
BTB_WRITE_total_count, 70,        524108

BTB_WRITE_OFFPATH_count, 70,           104
BTB_WRITE_OFFPATH_total_count, 70,           104

BTB_L0_CORRECT_count, 71,       1225017
BTB_L0_CORRECT_total_count, 71,       1225017

BTB_L0_INCORRECT_BUT_TARGET_CORRECT_count, 71,          5834
BTB_L0_INCORRECT_BUT_TARGET_CORRECT_total_count, 71,          5834

BTB_L0_INCORRECT_count, 71,       9467224
BTB_L0_INCORRECT_total_count, 71,       9467224

BTB_L1_CORRECT_count, 72,       3456519
BTB_L1_CORRECT_total_count, 72,       3456519

BTB_L1_INCORRECT_BUT_TARGET_CORRECT_count, 72,             2
BTB_L1_INCORRECT_BUT_TARGET_CORRECT_total_count, 72,             2

BTB_L1_INCORRECT_count, 72,       7241554
BTB_L1_INCORRECT_total_count, 72,       7241554

BTB_MAIN_CORRECT_count, 73,       3441306
BTB_MAIN_CORRECT_total_count, 73,       3441306

BTB_MAIN_INCORRECT_BUT_TARGET_CORRECT_count, 73,         11007
BTB_MAIN_INCORRECT_BUT_TARGET_CORRECT_total_count, 73,         11007

BTB_MAIN_INCORRECT_count, 73,       7245762
BTB_MAIN_INCORRECT_total_count, 73,       7245762

BTB_L0_CORRECT_OFFPATH_count, 74,       3029364
BTB_L0_CORRECT_OFFPATH_total_count, 74,       3029364

BTB_L0_INCORRECT_BUT_TARGET_CORRECT_OFFPATH_count, 74,          4479
BTB_L0_INCORRECT_BUT_TARGET_CORRECT_OFFPATH_total_count, 74,          4479

BTB_L0_INCORRECT_OFFPATH_count, 74,      15670132
BTB_L0_INCORRECT_OFFPATH_total_count, 74,      15670132

BTB_L1_CORRECT_OFFPATH_count, 75,       6564538
BTB_L1_CORRECT_OFFPATH_total_count, 75,       6564538

BTB_L1_INCORRECT_BUT_TARGET_CORRECT_OFFPATH_count, 75,             3
BTB_L1_INCORRECT_BUT_TARGET_CORRECT_OFFPATH_total_count, 75,             3

BTB_L1_INCORRECT_OFFPATH_count, 75,      12139434
BTB_L1_INCORRECT_OFFPATH_total_count, 75,      12139434

BTB_MAIN_CORRECT_OFFPATH_count, 76,       6535157
BTB_MAIN_CORRECT_OFFPATH_total_count, 76,       6535157

BTB_MAIN_INCORRECT_BUT_TARGET_CORRECT_OFFPATH_count, 76,         14991
BTB_MAIN_INCORRECT_BUT_TARGET_CORRECT_OFFPATH_total_count, 76,         14991

BTB_MAIN_INCORRECT_OFFPATH_count, 76,      12153827
BTB_MAIN_INCORRECT_OFFPATH_total_count, 76,      12153827

TARG_HYBRID_CORRECT_TAGLESS_count, 77,             0
TARG_HYBRID_CORRECT_TAGLESS_total_count, 77,             0

TARG_HYBRID_CORRECT_TAGGED_count, 77,             0
TARG_HYBRID_CORRECT_TAGGED_total_count, 77,             0

TARG_HYBRID_RECOVER_AT_EXEC_TAGLESS_count, 77,             0
TARG_HYBRID_RECOVER_AT_EXEC_TAGLESS_total_count, 77,             0

TARG_HYBRID_RECOVER_AT_EXEC_TAGGED_count, 77,             0
TARG_HYBRID_RECOVER_AT_EXEC_TAGGED_total_count, 77,             0

TARG_HYBRID_NO_PRED_count, 77,             0
TARG_HYBRID_NO_PRED_total_count, 77,             0

BP_L0_EARLY_RECOVERIES_count, 78,       2092419
BP_L0_EARLY_RECOVERIES_total_count, 78,       2092419

BP_MAIN_EXEC_RECOVERIES_count, 78,        188703
BP_MAIN_EXEC_RECOVERIES_total_count, 78,        188703

BP_MAIN_DECODE_RECOVERIES_count, 78,           323
BP_MAIN_DECODE_RECOVERIES_total_count, 78,           323

SCHEDULED_L0_EARLY_RECOVERIES_count, 79,       1912766
SCHEDULED_L0_EARLY_RECOVERIES_total_count, 79,       1912766

SCHEDULED_MAIN_EXEC_RECOVERIES_count, 79,        188703
SCHEDULED_MAIN_EXEC_RECOVERIES_total_count, 79,        188703

SCHEDULED_MAIN_DECODE_RECOVERIES_count, 79,           323
SCHEDULED_MAIN_DECODE_RECOVERIES_total_count, 79,           323

PERFORMED_RECOVERIES_count, 0,       2101792
PERFORMED_RECOVERIES_total_count, 0,       2101792

PERFORMED_RECOVERY_LAT_count, 0,      22712678
PERFORMED_RECOVERY_LAT_total_count, 0,      22712678

SCHEDULED_MAIN_DECODE_LAT_count, 0,         20095
SCHEDULED_MAIN_DECODE_LAT_total_count, 0,         20095

SCHEDULED_MAIN_EXEC_LAT_count, 0,      17306980
SCHEDULED_MAIN_EXEC_LAT_total_count, 0,      17306980

SCHEDULED_L0_EARLY_LAT_count, 0,             0
SCHEDULED_L0_EARLY_LAT_total_count, 0,             0

MAIN_BRANCH_RESOLVE_AT_DECODE_LAT_1_count, 80,             0
MAIN_BRANCH_RESOLVE_AT_DECODE_LAT_1_total_count, 80,             0

MAIN_BRANCH_RESOLVE_AT_DECODE_LAT_2_count, 80,             0
MAIN_BRANCH_RESOLVE_AT_DECODE_LAT_2_total_count, 80,             0

MAIN_BRANCH_RESOLVE_AT_DECODE_LAT_3_count, 80,             0
MAIN_BRANCH_RESOLVE_AT_DECODE_LAT_3_total_count, 80,             0

MAIN_BRANCH_RESOLVE_AT_DECODE_LAT_4_count, 80,             0
MAIN_BRANCH_RESOLVE_AT_DECODE_LAT_4_total_count, 80,             0

MAIN_BRANCH_RESOLVE_AT_DECODE_LAT_5_count, 80,             0
MAIN_BRANCH_RESOLVE_AT_DECODE_LAT_5_total_count, 80,             0

MAIN_BRANCH_RESOLVE_AT_DECODE_LAT_6_count, 80,             0
MAIN_BRANCH_RESOLVE_AT_DECODE_LAT_6_total_count, 80,             0

MAIN_BRANCH_RESOLVE_AT_DECODE_LAT_7_count, 80,             0
MAIN_BRANCH_RESOLVE_AT_DECODE_LAT_7_total_count, 80,             0

MAIN_BRANCH_RESOLVE_AT_DECODE_LAT_8_count, 80,           107
MAIN_BRANCH_RESOLVE_AT_DECODE_LAT_8_total_count, 80,           107

MAIN_BRANCH_RESOLVE_AT_DECODE_LAT_9_count, 80,            39
MAIN_BRANCH_RESOLVE_AT_DECODE_LAT_9_total_count, 80,            39

MAIN_BRANCH_RESOLVE_AT_DECODE_LAT_10_count, 80,             8
MAIN_BRANCH_RESOLVE_AT_DECODE_LAT_10_total_count, 80,             8

MAIN_BRANCH_RESOLVE_AT_DECODE_LAT_11_count, 80,             4
MAIN_BRANCH_RESOLVE_AT_DECODE_LAT_11_total_count, 80,             4

MAIN_BRANCH_RESOLVE_AT_DECODE_LAT_12_count, 80,             2
MAIN_BRANCH_RESOLVE_AT_DECODE_LAT_12_total_count, 80,             2

MAIN_BRANCH_RESOLVE_AT_DECODE_LAT_13_count, 80,             1
MAIN_BRANCH_RESOLVE_AT_DECODE_LAT_13_total_count, 80,             1

MAIN_BRANCH_RESOLVE_AT_DECODE_LAT_14_count, 80,             1
MAIN_BRANCH_RESOLVE_AT_DECODE_LAT_14_total_count, 80,             1

MAIN_BRANCH_RESOLVE_AT_DECODE_LAT_15_count, 80,             1
MAIN_BRANCH_RESOLVE_AT_DECODE_LAT_15_total_count, 80,             1

MAIN_BRANCH_RESOLVE_AT_DECODE_LAT_16_count, 80,             1
MAIN_BRANCH_RESOLVE_AT_DECODE_LAT_16_total_count, 80,             1

MAIN_BRANCH_RESOLVE_AT_DECODE_LAT_17_count, 80,             5
MAIN_BRANCH_RESOLVE_AT_DECODE_LAT_17_total_count, 80,             5

MAIN_BRANCH_RESOLVE_AT_DECODE_LAT_18_count, 80,             2
MAIN_BRANCH_RESOLVE_AT_DECODE_LAT_18_total_count, 80,             2

MAIN_BRANCH_RESOLVE_AT_DECODE_LAT_19_count, 80,             2
MAIN_BRANCH_RESOLVE_AT_DECODE_LAT_19_total_count, 80,             2

MAIN_BRANCH_RESOLVE_AT_DECODE_LAT_20_count, 80,             2
MAIN_BRANCH_RESOLVE_AT_DECODE_LAT_20_total_count, 80,             2

MAIN_BRANCH_RESOLVE_AT_DECODE_LAT_21_count, 80,             3
MAIN_BRANCH_RESOLVE_AT_DECODE_LAT_21_total_count, 80,             3

MAIN_BRANCH_RESOLVE_AT_DECODE_LAT_22_count, 80,             8
MAIN_BRANCH_RESOLVE_AT_DECODE_LAT_22_total_count, 80,             8

MAIN_BRANCH_RESOLVE_AT_DECODE_LAT_23_count, 80,             5
MAIN_BRANCH_RESOLVE_AT_DECODE_LAT_23_total_count, 80,             5

MAIN_BRANCH_RESOLVE_AT_DECODE_LAT_24_count, 80,             7
MAIN_BRANCH_RESOLVE_AT_DECODE_LAT_24_total_count, 80,             7

MAIN_BRANCH_RESOLVE_AT_DECODE_LAT_25_count, 80,            29
MAIN_BRANCH_RESOLVE_AT_DECODE_LAT_25_total_count, 80,            29

MAIN_BRANCH_RESOLVE_AT_DECODE_LAT_26_count, 80,            13
MAIN_BRANCH_RESOLVE_AT_DECODE_LAT_26_total_count, 80,            13

MAIN_BRANCH_RESOLVE_AT_DECODE_LAT_27_count, 80,             3
MAIN_BRANCH_RESOLVE_AT_DECODE_LAT_27_total_count, 80,             3

MAIN_BRANCH_RESOLVE_AT_DECODE_LAT_28_count, 80,             0
MAIN_BRANCH_RESOLVE_AT_DECODE_LAT_28_total_count, 80,             0

MAIN_BRANCH_RESOLVE_AT_DECODE_LAT_29_count, 80,             1
MAIN_BRANCH_RESOLVE_AT_DECODE_LAT_29_total_count, 80,             1

MAIN_BRANCH_RESOLVE_AT_DECODE_LAT_30_count, 80,             1
MAIN_BRANCH_RESOLVE_AT_DECODE_LAT_30_total_count, 80,             1

MAIN_BRANCH_RESOLVE_AT_DECODE_LAT_31_count, 80,             0
MAIN_BRANCH_RESOLVE_AT_DECODE_LAT_31_total_count, 80,             0

MAIN_BRANCH_RESOLVE_AT_DECODE_LAT_32_count, 80,             0
MAIN_BRANCH_RESOLVE_AT_DECODE_LAT_32_total_count, 80,             0

MAIN_BRANCH_RESOLVE_AT_DECODE_LAT_33_count, 80,             1
MAIN_BRANCH_RESOLVE_AT_DECODE_LAT_33_total_count, 80,             1

MAIN_BRANCH_RESOLVE_AT_DECODE_LAT_34_count, 80,             1
MAIN_BRANCH_RESOLVE_AT_DECODE_LAT_34_total_count, 80,             1

MAIN_BRANCH_RESOLVE_AT_DECODE_LAT_35_count, 80,             0
MAIN_BRANCH_RESOLVE_AT_DECODE_LAT_35_total_count, 80,             0

MAIN_BRANCH_RESOLVE_AT_DECODE_LAT_36_count, 80,             0
MAIN_BRANCH_RESOLVE_AT_DECODE_LAT_36_total_count, 80,             0

MAIN_BRANCH_RESOLVE_AT_DECODE_LAT_37_count, 80,             1
MAIN_BRANCH_RESOLVE_AT_DECODE_LAT_37_total_count, 80,             1

MAIN_BRANCH_RESOLVE_AT_DECODE_LAT_38_count, 80,             3
MAIN_BRANCH_RESOLVE_AT_DECODE_LAT_38_total_count, 80,             3

MAIN_BRANCH_RESOLVE_AT_DECODE_LAT_39_count, 80,             0
MAIN_BRANCH_RESOLVE_AT_DECODE_LAT_39_total_count, 80,             0

MAIN_BRANCH_RESOLVE_AT_DECODE_LAT_40_count, 80,             0
MAIN_BRANCH_RESOLVE_AT_DECODE_LAT_40_total_count, 80,             0

MAIN_BRANCH_RESOLVE_AT_DECODE_LAT_41_count, 80,             0
MAIN_BRANCH_RESOLVE_AT_DECODE_LAT_41_total_count, 80,             0

MAIN_BRANCH_RESOLVE_AT_DECODE_LAT_42_count, 80,             0
MAIN_BRANCH_RESOLVE_AT_DECODE_LAT_42_total_count, 80,             0

MAIN_BRANCH_RESOLVE_AT_DECODE_LAT_43_count, 80,             0
MAIN_BRANCH_RESOLVE_AT_DECODE_LAT_43_total_count, 80,             0

MAIN_BRANCH_RESOLVE_AT_DECODE_LAT_44_count, 80,             0
MAIN_BRANCH_RESOLVE_AT_DECODE_LAT_44_total_count, 80,             0

MAIN_BRANCH_RESOLVE_AT_DECODE_LAT_45_count, 80,             1
MAIN_BRANCH_RESOLVE_AT_DECODE_LAT_45_total_count, 80,             1

MAIN_BRANCH_RESOLVE_AT_DECODE_LAT_46_count, 80,             0
MAIN_BRANCH_RESOLVE_AT_DECODE_LAT_46_total_count, 80,             0

MAIN_BRANCH_RESOLVE_AT_DECODE_LAT_47_count, 80,             0
MAIN_BRANCH_RESOLVE_AT_DECODE_LAT_47_total_count, 80,             0

MAIN_BRANCH_RESOLVE_AT_DECODE_LAT_48_count, 80,             0
MAIN_BRANCH_RESOLVE_AT_DECODE_LAT_48_total_count, 80,             0

MAIN_BRANCH_RESOLVE_AT_DECODE_LAT_49_count, 80,             1
MAIN_BRANCH_RESOLVE_AT_DECODE_LAT_49_total_count, 80,             1

MAIN_BRANCH_RESOLVE_AT_DECODE_LAT_50_count, 80,             0
MAIN_BRANCH_RESOLVE_AT_DECODE_LAT_50_total_count, 80,             0

MAIN_BRANCH_RESOLVE_AT_DECODE_LAT_51_count, 80,             1
MAIN_BRANCH_RESOLVE_AT_DECODE_LAT_51_total_count, 80,             1

MAIN_BRANCH_RESOLVE_AT_DECODE_LAT_52_count, 80,             0
MAIN_BRANCH_RESOLVE_AT_DECODE_LAT_52_total_count, 80,             0

MAIN_BRANCH_RESOLVE_AT_DECODE_LAT_53_count, 80,             0
MAIN_BRANCH_RESOLVE_AT_DECODE_LAT_53_total_count, 80,             0

MAIN_BRANCH_RESOLVE_AT_DECODE_LAT_54_count, 80,             0
MAIN_BRANCH_RESOLVE_AT_DECODE_LAT_54_total_count, 80,             0

MAIN_BRANCH_RESOLVE_AT_DECODE_LAT_55_count, 80,             0
MAIN_BRANCH_RESOLVE_AT_DECODE_LAT_55_total_count, 80,             0

MAIN_BRANCH_RESOLVE_AT_DECODE_LAT_56_count, 80,             0
MAIN_BRANCH_RESOLVE_AT_DECODE_LAT_56_total_count, 80,             0

MAIN_BRANCH_RESOLVE_AT_DECODE_LAT_57_count, 80,             0
MAIN_BRANCH_RESOLVE_AT_DECODE_LAT_57_total_count, 80,             0

MAIN_BRANCH_RESOLVE_AT_DECODE_LAT_58_count, 80,             0
MAIN_BRANCH_RESOLVE_AT_DECODE_LAT_58_total_count, 80,             0

MAIN_BRANCH_RESOLVE_AT_DECODE_LAT_59_count, 80,             0
MAIN_BRANCH_RESOLVE_AT_DECODE_LAT_59_total_count, 80,             0

MAIN_BRANCH_RESOLVE_AT_DECODE_LAT_60_count, 80,             0
MAIN_BRANCH_RESOLVE_AT_DECODE_LAT_60_total_count, 80,             0

MAIN_BRANCH_RESOLVE_AT_DECODE_LAT_61_count, 80,             0
MAIN_BRANCH_RESOLVE_AT_DECODE_LAT_61_total_count, 80,             0

MAIN_BRANCH_RESOLVE_AT_DECODE_LAT_62_count, 80,             0
MAIN_BRANCH_RESOLVE_AT_DECODE_LAT_62_total_count, 80,             0

MAIN_BRANCH_RESOLVE_AT_DECODE_LAT_63_count, 80,             0
MAIN_BRANCH_RESOLVE_AT_DECODE_LAT_63_total_count, 80,             0

MAIN_BRANCH_RESOLVE_AT_DECODE_LAT_64_count, 80,             0
MAIN_BRANCH_RESOLVE_AT_DECODE_LAT_64_total_count, 80,             0

MAIN_BRANCH_RESOLVE_AT_DECODE_LAT_65_count, 80,             0
MAIN_BRANCH_RESOLVE_AT_DECODE_LAT_65_total_count, 80,             0

MAIN_BRANCH_RESOLVE_AT_DECODE_LAT_66_count, 80,             0
MAIN_BRANCH_RESOLVE_AT_DECODE_LAT_66_total_count, 80,             0

MAIN_BRANCH_RESOLVE_AT_DECODE_LAT_67_count, 80,             0
MAIN_BRANCH_RESOLVE_AT_DECODE_LAT_67_total_count, 80,             0

MAIN_BRANCH_RESOLVE_AT_DECODE_LAT_68_count, 80,             0
MAIN_BRANCH_RESOLVE_AT_DECODE_LAT_68_total_count, 80,             0

MAIN_BRANCH_RESOLVE_AT_DECODE_LAT_69_count, 80,             0
MAIN_BRANCH_RESOLVE_AT_DECODE_LAT_69_total_count, 80,             0

MAIN_BRANCH_RESOLVE_AT_DECODE_LAT_70_count, 80,             0
MAIN_BRANCH_RESOLVE_AT_DECODE_LAT_70_total_count, 80,             0

MAIN_BRANCH_RESOLVE_AT_DECODE_LAT_71_count, 80,             0
MAIN_BRANCH_RESOLVE_AT_DECODE_LAT_71_total_count, 80,             0

MAIN_BRANCH_RESOLVE_AT_DECODE_LAT_72_count, 80,             0
MAIN_BRANCH_RESOLVE_AT_DECODE_LAT_72_total_count, 80,             0

MAIN_BRANCH_RESOLVE_AT_DECODE_LAT_73_count, 80,             0
MAIN_BRANCH_RESOLVE_AT_DECODE_LAT_73_total_count, 80,             0

MAIN_BRANCH_RESOLVE_AT_DECODE_LAT_74_count, 80,             0
MAIN_BRANCH_RESOLVE_AT_DECODE_LAT_74_total_count, 80,             0

MAIN_BRANCH_RESOLVE_AT_DECODE_LAT_75_count, 80,             0
MAIN_BRANCH_RESOLVE_AT_DECODE_LAT_75_total_count, 80,             0

MAIN_BRANCH_RESOLVE_AT_DECODE_LAT_76_count, 80,             1
MAIN_BRANCH_RESOLVE_AT_DECODE_LAT_76_total_count, 80,             1

MAIN_BRANCH_RESOLVE_AT_DECODE_LAT_77_count, 80,             0
MAIN_BRANCH_RESOLVE_AT_DECODE_LAT_77_total_count, 80,             0

MAIN_BRANCH_RESOLVE_AT_DECODE_LAT_78_count, 80,             0
MAIN_BRANCH_RESOLVE_AT_DECODE_LAT_78_total_count, 80,             0

MAIN_BRANCH_RESOLVE_AT_DECODE_LAT_79_count, 80,             0
MAIN_BRANCH_RESOLVE_AT_DECODE_LAT_79_total_count, 80,             0

MAIN_BRANCH_RESOLVE_AT_DECODE_LAT_80_count, 80,             0
MAIN_BRANCH_RESOLVE_AT_DECODE_LAT_80_total_count, 80,             0

MAIN_BRANCH_RESOLVE_AT_DECODE_LAT_81_count, 80,             0
MAIN_BRANCH_RESOLVE_AT_DECODE_LAT_81_total_count, 80,             0

MAIN_BRANCH_RESOLVE_AT_DECODE_LAT_82_count, 80,             0
MAIN_BRANCH_RESOLVE_AT_DECODE_LAT_82_total_count, 80,             0

MAIN_BRANCH_RESOLVE_AT_DECODE_LAT_83_count, 80,             0
MAIN_BRANCH_RESOLVE_AT_DECODE_LAT_83_total_count, 80,             0

MAIN_BRANCH_RESOLVE_AT_DECODE_LAT_84_count, 80,             0
MAIN_BRANCH_RESOLVE_AT_DECODE_LAT_84_total_count, 80,             0

MAIN_BRANCH_RESOLVE_AT_DECODE_LAT_85_count, 80,             0
MAIN_BRANCH_RESOLVE_AT_DECODE_LAT_85_total_count, 80,             0

MAIN_BRANCH_RESOLVE_AT_DECODE_LAT_86_count, 80,             0
MAIN_BRANCH_RESOLVE_AT_DECODE_LAT_86_total_count, 80,             0

MAIN_BRANCH_RESOLVE_AT_DECODE_LAT_87_count, 80,             0
MAIN_BRANCH_RESOLVE_AT_DECODE_LAT_87_total_count, 80,             0

MAIN_BRANCH_RESOLVE_AT_DECODE_LAT_88_count, 80,             0
MAIN_BRANCH_RESOLVE_AT_DECODE_LAT_88_total_count, 80,             0

MAIN_BRANCH_RESOLVE_AT_DECODE_LAT_89_count, 80,             0
MAIN_BRANCH_RESOLVE_AT_DECODE_LAT_89_total_count, 80,             0

MAIN_BRANCH_RESOLVE_AT_DECODE_LAT_90_count, 80,             0
MAIN_BRANCH_RESOLVE_AT_DECODE_LAT_90_total_count, 80,             0

MAIN_BRANCH_RESOLVE_AT_DECODE_LAT_91_count, 80,             0
MAIN_BRANCH_RESOLVE_AT_DECODE_LAT_91_total_count, 80,             0

MAIN_BRANCH_RESOLVE_AT_DECODE_LAT_92_count, 80,             0
MAIN_BRANCH_RESOLVE_AT_DECODE_LAT_92_total_count, 80,             0

MAIN_BRANCH_RESOLVE_AT_DECODE_LAT_93_count, 80,             1
MAIN_BRANCH_RESOLVE_AT_DECODE_LAT_93_total_count, 80,             1

MAIN_BRANCH_RESOLVE_AT_DECODE_LAT_94_count, 80,             0
MAIN_BRANCH_RESOLVE_AT_DECODE_LAT_94_total_count, 80,             0

MAIN_BRANCH_RESOLVE_AT_DECODE_LAT_95_count, 80,             2
MAIN_BRANCH_RESOLVE_AT_DECODE_LAT_95_total_count, 80,             2

MAIN_BRANCH_RESOLVE_AT_DECODE_LAT_96_count, 80,             0
MAIN_BRANCH_RESOLVE_AT_DECODE_LAT_96_total_count, 80,             0

MAIN_BRANCH_RESOLVE_AT_DECODE_LAT_97_count, 80,             0
MAIN_BRANCH_RESOLVE_AT_DECODE_LAT_97_total_count, 80,             0

MAIN_BRANCH_RESOLVE_AT_DECODE_LAT_98_count, 80,             0
MAIN_BRANCH_RESOLVE_AT_DECODE_LAT_98_total_count, 80,             0

MAIN_BRANCH_RESOLVE_AT_DECODE_LAT_99_count, 80,             0
MAIN_BRANCH_RESOLVE_AT_DECODE_LAT_99_total_count, 80,             0

MAIN_BRANCH_RESOLVE_AT_DECODE_LAT_100_count, 80,             0
MAIN_BRANCH_RESOLVE_AT_DECODE_LAT_100_total_count, 80,             0

MAIN_BRANCH_RESOLVE_AT_DECODE_LAT_GT100_count, 80,            65
MAIN_BRANCH_RESOLVE_AT_DECODE_LAT_GT100_total_count, 80,            65

MAIN_BRANCH_RESOLVE_AT_EXEC_LAT_1_count, 81,             0
MAIN_BRANCH_RESOLVE_AT_EXEC_LAT_1_total_count, 81,             0

MAIN_BRANCH_RESOLVE_AT_EXEC_LAT_2_count, 81,             0
MAIN_BRANCH_RESOLVE_AT_EXEC_LAT_2_total_count, 81,             0

MAIN_BRANCH_RESOLVE_AT_EXEC_LAT_3_count, 81,             0
MAIN_BRANCH_RESOLVE_AT_EXEC_LAT_3_total_count, 81,             0

MAIN_BRANCH_RESOLVE_AT_EXEC_LAT_4_count, 81,             0
MAIN_BRANCH_RESOLVE_AT_EXEC_LAT_4_total_count, 81,             0

MAIN_BRANCH_RESOLVE_AT_EXEC_LAT_5_count, 81,             0
MAIN_BRANCH_RESOLVE_AT_EXEC_LAT_5_total_count, 81,             0

MAIN_BRANCH_RESOLVE_AT_EXEC_LAT_6_count, 81,             0
MAIN_BRANCH_RESOLVE_AT_EXEC_LAT_6_total_count, 81,             0

MAIN_BRANCH_RESOLVE_AT_EXEC_LAT_7_count, 81,             0
MAIN_BRANCH_RESOLVE_AT_EXEC_LAT_7_total_count, 81,             0

MAIN_BRANCH_RESOLVE_AT_EXEC_LAT_8_count, 81,             0
MAIN_BRANCH_RESOLVE_AT_EXEC_LAT_8_total_count, 81,             0

MAIN_BRANCH_RESOLVE_AT_EXEC_LAT_9_count, 81,             0
MAIN_BRANCH_RESOLVE_AT_EXEC_LAT_9_total_count, 81,             0

MAIN_BRANCH_RESOLVE_AT_EXEC_LAT_10_count, 81,           516
MAIN_BRANCH_RESOLVE_AT_EXEC_LAT_10_total_count, 81,           516

MAIN_BRANCH_RESOLVE_AT_EXEC_LAT_11_count, 81,           298
MAIN_BRANCH_RESOLVE_AT_EXEC_LAT_11_total_count, 81,           298

MAIN_BRANCH_RESOLVE_AT_EXEC_LAT_12_count, 81,           128
MAIN_BRANCH_RESOLVE_AT_EXEC_LAT_12_total_count, 81,           128

MAIN_BRANCH_RESOLVE_AT_EXEC_LAT_13_count, 81,          1732
MAIN_BRANCH_RESOLVE_AT_EXEC_LAT_13_total_count, 81,          1732

MAIN_BRANCH_RESOLVE_AT_EXEC_LAT_14_count, 81,            65
MAIN_BRANCH_RESOLVE_AT_EXEC_LAT_14_total_count, 81,            65

MAIN_BRANCH_RESOLVE_AT_EXEC_LAT_15_count, 81,           100
MAIN_BRANCH_RESOLVE_AT_EXEC_LAT_15_total_count, 81,           100

MAIN_BRANCH_RESOLVE_AT_EXEC_LAT_16_count, 81,           678
MAIN_BRANCH_RESOLVE_AT_EXEC_LAT_16_total_count, 81,           678

MAIN_BRANCH_RESOLVE_AT_EXEC_LAT_17_count, 81,           942
MAIN_BRANCH_RESOLVE_AT_EXEC_LAT_17_total_count, 81,           942

MAIN_BRANCH_RESOLVE_AT_EXEC_LAT_18_count, 81,          2349
MAIN_BRANCH_RESOLVE_AT_EXEC_LAT_18_total_count, 81,          2349

MAIN_BRANCH_RESOLVE_AT_EXEC_LAT_19_count, 81,         20739
MAIN_BRANCH_RESOLVE_AT_EXEC_LAT_19_total_count, 81,         20739

MAIN_BRANCH_RESOLVE_AT_EXEC_LAT_20_count, 81,          5069
MAIN_BRANCH_RESOLVE_AT_EXEC_LAT_20_total_count, 81,          5069

MAIN_BRANCH_RESOLVE_AT_EXEC_LAT_21_count, 81,          1705
MAIN_BRANCH_RESOLVE_AT_EXEC_LAT_21_total_count, 81,          1705

MAIN_BRANCH_RESOLVE_AT_EXEC_LAT_22_count, 81,          1380
MAIN_BRANCH_RESOLVE_AT_EXEC_LAT_22_total_count, 81,          1380

MAIN_BRANCH_RESOLVE_AT_EXEC_LAT_23_count, 81,           596
MAIN_BRANCH_RESOLVE_AT_EXEC_LAT_23_total_count, 81,           596

MAIN_BRANCH_RESOLVE_AT_EXEC_LAT_24_count, 81,          1746
MAIN_BRANCH_RESOLVE_AT_EXEC_LAT_24_total_count, 81,          1746

MAIN_BRANCH_RESOLVE_AT_EXEC_LAT_25_count, 81,          4787
MAIN_BRANCH_RESOLVE_AT_EXEC_LAT_25_total_count, 81,          4787

MAIN_BRANCH_RESOLVE_AT_EXEC_LAT_26_count, 81,          7035
MAIN_BRANCH_RESOLVE_AT_EXEC_LAT_26_total_count, 81,          7035

MAIN_BRANCH_RESOLVE_AT_EXEC_LAT_27_count, 81,          6311
MAIN_BRANCH_RESOLVE_AT_EXEC_LAT_27_total_count, 81,          6311

MAIN_BRANCH_RESOLVE_AT_EXEC_LAT_28_count, 81,          3319
MAIN_BRANCH_RESOLVE_AT_EXEC_LAT_28_total_count, 81,          3319

MAIN_BRANCH_RESOLVE_AT_EXEC_LAT_29_count, 81,          2111
MAIN_BRANCH_RESOLVE_AT_EXEC_LAT_29_total_count, 81,          2111

MAIN_BRANCH_RESOLVE_AT_EXEC_LAT_30_count, 81,          1164
MAIN_BRANCH_RESOLVE_AT_EXEC_LAT_30_total_count, 81,          1164

MAIN_BRANCH_RESOLVE_AT_EXEC_LAT_31_count, 81,          1937
MAIN_BRANCH_RESOLVE_AT_EXEC_LAT_31_total_count, 81,          1937

MAIN_BRANCH_RESOLVE_AT_EXEC_LAT_32_count, 81,          2098
MAIN_BRANCH_RESOLVE_AT_EXEC_LAT_32_total_count, 81,          2098

MAIN_BRANCH_RESOLVE_AT_EXEC_LAT_33_count, 81,          2001
MAIN_BRANCH_RESOLVE_AT_EXEC_LAT_33_total_count, 81,          2001

MAIN_BRANCH_RESOLVE_AT_EXEC_LAT_34_count, 81,          1835
MAIN_BRANCH_RESOLVE_AT_EXEC_LAT_34_total_count, 81,          1835

MAIN_BRANCH_RESOLVE_AT_EXEC_LAT_35_count, 81,          1138
MAIN_BRANCH_RESOLVE_AT_EXEC_LAT_35_total_count, 81,          1138

MAIN_BRANCH_RESOLVE_AT_EXEC_LAT_36_count, 81,          1472
MAIN_BRANCH_RESOLVE_AT_EXEC_LAT_36_total_count, 81,          1472

MAIN_BRANCH_RESOLVE_AT_EXEC_LAT_37_count, 81,           997
MAIN_BRANCH_RESOLVE_AT_EXEC_LAT_37_total_count, 81,           997

MAIN_BRANCH_RESOLVE_AT_EXEC_LAT_38_count, 81,           498
MAIN_BRANCH_RESOLVE_AT_EXEC_LAT_38_total_count, 81,           498

MAIN_BRANCH_RESOLVE_AT_EXEC_LAT_39_count, 81,           667
MAIN_BRANCH_RESOLVE_AT_EXEC_LAT_39_total_count, 81,           667

MAIN_BRANCH_RESOLVE_AT_EXEC_LAT_40_count, 81,          1100
MAIN_BRANCH_RESOLVE_AT_EXEC_LAT_40_total_count, 81,          1100

MAIN_BRANCH_RESOLVE_AT_EXEC_LAT_41_count, 81,           748
MAIN_BRANCH_RESOLVE_AT_EXEC_LAT_41_total_count, 81,           748

MAIN_BRANCH_RESOLVE_AT_EXEC_LAT_42_count, 81,          2168
MAIN_BRANCH_RESOLVE_AT_EXEC_LAT_42_total_count, 81,          2168

MAIN_BRANCH_RESOLVE_AT_EXEC_LAT_43_count, 81,          2938
MAIN_BRANCH_RESOLVE_AT_EXEC_LAT_43_total_count, 81,          2938

MAIN_BRANCH_RESOLVE_AT_EXEC_LAT_44_count, 81,          1682
MAIN_BRANCH_RESOLVE_AT_EXEC_LAT_44_total_count, 81,          1682

MAIN_BRANCH_RESOLVE_AT_EXEC_LAT_45_count, 81,          3951
MAIN_BRANCH_RESOLVE_AT_EXEC_LAT_45_total_count, 81,          3951

MAIN_BRANCH_RESOLVE_AT_EXEC_LAT_46_count, 81,          1869
MAIN_BRANCH_RESOLVE_AT_EXEC_LAT_46_total_count, 81,          1869

MAIN_BRANCH_RESOLVE_AT_EXEC_LAT_47_count, 81,          1614
MAIN_BRANCH_RESOLVE_AT_EXEC_LAT_47_total_count, 81,          1614

MAIN_BRANCH_RESOLVE_AT_EXEC_LAT_48_count, 81,          2185
MAIN_BRANCH_RESOLVE_AT_EXEC_LAT_48_total_count, 81,          2185

MAIN_BRANCH_RESOLVE_AT_EXEC_LAT_49_count, 81,          1488
MAIN_BRANCH_RESOLVE_AT_EXEC_LAT_49_total_count, 81,          1488

MAIN_BRANCH_RESOLVE_AT_EXEC_LAT_50_count, 81,          1678
MAIN_BRANCH_RESOLVE_AT_EXEC_LAT_50_total_count, 81,          1678

MAIN_BRANCH_RESOLVE_AT_EXEC_LAT_51_count, 81,          1454
MAIN_BRANCH_RESOLVE_AT_EXEC_LAT_51_total_count, 81,          1454

MAIN_BRANCH_RESOLVE_AT_EXEC_LAT_52_count, 81,           400
MAIN_BRANCH_RESOLVE_AT_EXEC_LAT_52_total_count, 81,           400

MAIN_BRANCH_RESOLVE_AT_EXEC_LAT_53_count, 81,           394
MAIN_BRANCH_RESOLVE_AT_EXEC_LAT_53_total_count, 81,           394

MAIN_BRANCH_RESOLVE_AT_EXEC_LAT_54_count, 81,           704
MAIN_BRANCH_RESOLVE_AT_EXEC_LAT_54_total_count, 81,           704

MAIN_BRANCH_RESOLVE_AT_EXEC_LAT_55_count, 81,          1510
MAIN_BRANCH_RESOLVE_AT_EXEC_LAT_55_total_count, 81,          1510

MAIN_BRANCH_RESOLVE_AT_EXEC_LAT_56_count, 81,           484
MAIN_BRANCH_RESOLVE_AT_EXEC_LAT_56_total_count, 81,           484

MAIN_BRANCH_RESOLVE_AT_EXEC_LAT_57_count, 81,           487
MAIN_BRANCH_RESOLVE_AT_EXEC_LAT_57_total_count, 81,           487

MAIN_BRANCH_RESOLVE_AT_EXEC_LAT_58_count, 81,           469
MAIN_BRANCH_RESOLVE_AT_EXEC_LAT_58_total_count, 81,           469

MAIN_BRANCH_RESOLVE_AT_EXEC_LAT_59_count, 81,           730
MAIN_BRANCH_RESOLVE_AT_EXEC_LAT_59_total_count, 81,           730

MAIN_BRANCH_RESOLVE_AT_EXEC_LAT_60_count, 81,           619
MAIN_BRANCH_RESOLVE_AT_EXEC_LAT_60_total_count, 81,           619

MAIN_BRANCH_RESOLVE_AT_EXEC_LAT_61_count, 81,          1169
MAIN_BRANCH_RESOLVE_AT_EXEC_LAT_61_total_count, 81,          1169

MAIN_BRANCH_RESOLVE_AT_EXEC_LAT_62_count, 81,           530
MAIN_BRANCH_RESOLVE_AT_EXEC_LAT_62_total_count, 81,           530

MAIN_BRANCH_RESOLVE_AT_EXEC_LAT_63_count, 81,           551
MAIN_BRANCH_RESOLVE_AT_EXEC_LAT_63_total_count, 81,           551

MAIN_BRANCH_RESOLVE_AT_EXEC_LAT_64_count, 81,           766
MAIN_BRANCH_RESOLVE_AT_EXEC_LAT_64_total_count, 81,           766

MAIN_BRANCH_RESOLVE_AT_EXEC_LAT_65_count, 81,           677
MAIN_BRANCH_RESOLVE_AT_EXEC_LAT_65_total_count, 81,           677

MAIN_BRANCH_RESOLVE_AT_EXEC_LAT_66_count, 81,          1477
MAIN_BRANCH_RESOLVE_AT_EXEC_LAT_66_total_count, 81,          1477

MAIN_BRANCH_RESOLVE_AT_EXEC_LAT_67_count, 81,            85
MAIN_BRANCH_RESOLVE_AT_EXEC_LAT_67_total_count, 81,            85

MAIN_BRANCH_RESOLVE_AT_EXEC_LAT_68_count, 81,            78
MAIN_BRANCH_RESOLVE_AT_EXEC_LAT_68_total_count, 81,            78

MAIN_BRANCH_RESOLVE_AT_EXEC_LAT_69_count, 81,           174
MAIN_BRANCH_RESOLVE_AT_EXEC_LAT_69_total_count, 81,           174

MAIN_BRANCH_RESOLVE_AT_EXEC_LAT_70_count, 81,           412
MAIN_BRANCH_RESOLVE_AT_EXEC_LAT_70_total_count, 81,           412

MAIN_BRANCH_RESOLVE_AT_EXEC_LAT_71_count, 81,           800
MAIN_BRANCH_RESOLVE_AT_EXEC_LAT_71_total_count, 81,           800

MAIN_BRANCH_RESOLVE_AT_EXEC_LAT_72_count, 81,            58
MAIN_BRANCH_RESOLVE_AT_EXEC_LAT_72_total_count, 81,            58

MAIN_BRANCH_RESOLVE_AT_EXEC_LAT_73_count, 81,           107
MAIN_BRANCH_RESOLVE_AT_EXEC_LAT_73_total_count, 81,           107

MAIN_BRANCH_RESOLVE_AT_EXEC_LAT_74_count, 81,           558
MAIN_BRANCH_RESOLVE_AT_EXEC_LAT_74_total_count, 81,           558

MAIN_BRANCH_RESOLVE_AT_EXEC_LAT_75_count, 81,           139
MAIN_BRANCH_RESOLVE_AT_EXEC_LAT_75_total_count, 81,           139

MAIN_BRANCH_RESOLVE_AT_EXEC_LAT_76_count, 81,           184
MAIN_BRANCH_RESOLVE_AT_EXEC_LAT_76_total_count, 81,           184

MAIN_BRANCH_RESOLVE_AT_EXEC_LAT_77_count, 81,           135
MAIN_BRANCH_RESOLVE_AT_EXEC_LAT_77_total_count, 81,           135

MAIN_BRANCH_RESOLVE_AT_EXEC_LAT_78_count, 81,           429
MAIN_BRANCH_RESOLVE_AT_EXEC_LAT_78_total_count, 81,           429

MAIN_BRANCH_RESOLVE_AT_EXEC_LAT_79_count, 81,           510
MAIN_BRANCH_RESOLVE_AT_EXEC_LAT_79_total_count, 81,           510

MAIN_BRANCH_RESOLVE_AT_EXEC_LAT_80_count, 81,           400
MAIN_BRANCH_RESOLVE_AT_EXEC_LAT_80_total_count, 81,           400

MAIN_BRANCH_RESOLVE_AT_EXEC_LAT_81_count, 81,           280
MAIN_BRANCH_RESOLVE_AT_EXEC_LAT_81_total_count, 81,           280

MAIN_BRANCH_RESOLVE_AT_EXEC_LAT_82_count, 81,           320
MAIN_BRANCH_RESOLVE_AT_EXEC_LAT_82_total_count, 81,           320

MAIN_BRANCH_RESOLVE_AT_EXEC_LAT_83_count, 81,           487
MAIN_BRANCH_RESOLVE_AT_EXEC_LAT_83_total_count, 81,           487

MAIN_BRANCH_RESOLVE_AT_EXEC_LAT_84_count, 81,           237
MAIN_BRANCH_RESOLVE_AT_EXEC_LAT_84_total_count, 81,           237

MAIN_BRANCH_RESOLVE_AT_EXEC_LAT_85_count, 81,           294
MAIN_BRANCH_RESOLVE_AT_EXEC_LAT_85_total_count, 81,           294

MAIN_BRANCH_RESOLVE_AT_EXEC_LAT_86_count, 81,           751
MAIN_BRANCH_RESOLVE_AT_EXEC_LAT_86_total_count, 81,           751

MAIN_BRANCH_RESOLVE_AT_EXEC_LAT_87_count, 81,           385
MAIN_BRANCH_RESOLVE_AT_EXEC_LAT_87_total_count, 81,           385

MAIN_BRANCH_RESOLVE_AT_EXEC_LAT_88_count, 81,          1436
MAIN_BRANCH_RESOLVE_AT_EXEC_LAT_88_total_count, 81,          1436

MAIN_BRANCH_RESOLVE_AT_EXEC_LAT_89_count, 81,          1166
MAIN_BRANCH_RESOLVE_AT_EXEC_LAT_89_total_count, 81,          1166

MAIN_BRANCH_RESOLVE_AT_EXEC_LAT_90_count, 81,          1157
MAIN_BRANCH_RESOLVE_AT_EXEC_LAT_90_total_count, 81,          1157

MAIN_BRANCH_RESOLVE_AT_EXEC_LAT_91_count, 81,           150
MAIN_BRANCH_RESOLVE_AT_EXEC_LAT_91_total_count, 81,           150

MAIN_BRANCH_RESOLVE_AT_EXEC_LAT_92_count, 81,           763
MAIN_BRANCH_RESOLVE_AT_EXEC_LAT_92_total_count, 81,           763

MAIN_BRANCH_RESOLVE_AT_EXEC_LAT_93_count, 81,           260
MAIN_BRANCH_RESOLVE_AT_EXEC_LAT_93_total_count, 81,           260

MAIN_BRANCH_RESOLVE_AT_EXEC_LAT_94_count, 81,          2332
MAIN_BRANCH_RESOLVE_AT_EXEC_LAT_94_total_count, 81,          2332

MAIN_BRANCH_RESOLVE_AT_EXEC_LAT_95_count, 81,           821
MAIN_BRANCH_RESOLVE_AT_EXEC_LAT_95_total_count, 81,           821

MAIN_BRANCH_RESOLVE_AT_EXEC_LAT_96_count, 81,           909
MAIN_BRANCH_RESOLVE_AT_EXEC_LAT_96_total_count, 81,           909

MAIN_BRANCH_RESOLVE_AT_EXEC_LAT_97_count, 81,           640
MAIN_BRANCH_RESOLVE_AT_EXEC_LAT_97_total_count, 81,           640

MAIN_BRANCH_RESOLVE_AT_EXEC_LAT_98_count, 81,           161
MAIN_BRANCH_RESOLVE_AT_EXEC_LAT_98_total_count, 81,           161

MAIN_BRANCH_RESOLVE_AT_EXEC_LAT_99_count, 81,           173
MAIN_BRANCH_RESOLVE_AT_EXEC_LAT_99_total_count, 81,           173

MAIN_BRANCH_RESOLVE_AT_EXEC_LAT_100_count, 81,           686
MAIN_BRANCH_RESOLVE_AT_EXEC_LAT_100_total_count, 81,           686

MAIN_BRANCH_RESOLVE_AT_EXEC_LAT_GT100_count, 81,         61971
MAIN_BRANCH_RESOLVE_AT_EXEC_LAT_GT100_total_count, 81,         61971

PRED_TO_UPDATE_CYCLES_0_count, 82,             0
PRED_TO_UPDATE_CYCLES_0_total_count, 82,             0

PRED_TO_UPDATE_CYCLES_1_count, 82,             0
PRED_TO_UPDATE_CYCLES_1_total_count, 82,             0

PRED_TO_UPDATE_CYCLES_2_count, 82,             0
PRED_TO_UPDATE_CYCLES_2_total_count, 82,             0

PRED_TO_UPDATE_CYCLES_3_count, 82,             0
PRED_TO_UPDATE_CYCLES_3_total_count, 82,             0

PRED_TO_UPDATE_CYCLES_4_count, 82,             0
PRED_TO_UPDATE_CYCLES_4_total_count, 82,             0

PRED_TO_UPDATE_CYCLES_5_count, 82,             0
PRED_TO_UPDATE_CYCLES_5_total_count, 82,             0

PRED_TO_UPDATE_CYCLES_6_count, 82,             0
PRED_TO_UPDATE_CYCLES_6_total_count, 82,             0

PRED_TO_UPDATE_CYCLES_7_count, 82,             0
PRED_TO_UPDATE_CYCLES_7_total_count, 82,             0

PRED_TO_UPDATE_CYCLES_8_count, 82,             0
PRED_TO_UPDATE_CYCLES_8_total_count, 82,             0

PRED_TO_UPDATE_CYCLES_9_count, 82,             0
PRED_TO_UPDATE_CYCLES_9_total_count, 82,             0

PRED_TO_UPDATE_CYCLES_10_count, 82,             0
PRED_TO_UPDATE_CYCLES_10_total_count, 82,             0

PRED_TO_UPDATE_CYCLES_11_count, 82,             0
PRED_TO_UPDATE_CYCLES_11_total_count, 82,             0

PRED_TO_UPDATE_CYCLES_12_count, 82,             0
PRED_TO_UPDATE_CYCLES_12_total_count, 82,             0

PRED_TO_UPDATE_CYCLES_13_count, 82,             0
PRED_TO_UPDATE_CYCLES_13_total_count, 82,             0

PRED_TO_UPDATE_CYCLES_14_count, 82,             0
PRED_TO_UPDATE_CYCLES_14_total_count, 82,             0

PRED_TO_UPDATE_CYCLES_15_count, 82,             0
PRED_TO_UPDATE_CYCLES_15_total_count, 82,             0

PRED_TO_UPDATE_CYCLES_16_count, 82,             0
PRED_TO_UPDATE_CYCLES_16_total_count, 82,             0

PRED_TO_UPDATE_CYCLES_17_count, 82,             0
PRED_TO_UPDATE_CYCLES_17_total_count, 82,             0

PRED_TO_UPDATE_CYCLES_18_count, 82,             0
PRED_TO_UPDATE_CYCLES_18_total_count, 82,             0

PRED_TO_UPDATE_CYCLES_19_count, 82,             0
PRED_TO_UPDATE_CYCLES_19_total_count, 82,             0

PRED_TO_UPDATE_CYCLES_20_count, 82,             0
PRED_TO_UPDATE_CYCLES_20_total_count, 82,             0

PRED_TO_UPDATE_CYCLES_21_count, 82,             0
PRED_TO_UPDATE_CYCLES_21_total_count, 82,             0

PRED_TO_UPDATE_CYCLES_22_count, 82,             0
PRED_TO_UPDATE_CYCLES_22_total_count, 82,             0

PRED_TO_UPDATE_CYCLES_23_count, 82,             0
PRED_TO_UPDATE_CYCLES_23_total_count, 82,             0

PRED_TO_UPDATE_CYCLES_24_count, 82,             0
PRED_TO_UPDATE_CYCLES_24_total_count, 82,             0

PRED_TO_UPDATE_CYCLES_25_count, 82,             0
PRED_TO_UPDATE_CYCLES_25_total_count, 82,             0

PRED_TO_UPDATE_CYCLES_26_count, 82,             0
PRED_TO_UPDATE_CYCLES_26_total_count, 82,             0

PRED_TO_UPDATE_CYCLES_27_count, 82,             0
PRED_TO_UPDATE_CYCLES_27_total_count, 82,             0

PRED_TO_UPDATE_CYCLES_28_count, 82,             0
PRED_TO_UPDATE_CYCLES_28_total_count, 82,             0

PRED_TO_UPDATE_CYCLES_29_count, 82,             0
PRED_TO_UPDATE_CYCLES_29_total_count, 82,             0

PRED_TO_UPDATE_CYCLES_30_count, 82,             0
PRED_TO_UPDATE_CYCLES_30_total_count, 82,             0

BP_ON_PATH_CONF_RECOVER_AT_EXEC_count, 83,             0
BP_ON_PATH_CONF_RECOVER_AT_EXEC_total_count, 83,             0

BP_ON_PATH_CONF_CORRECT_count, 83,             0
BP_ON_PATH_CONF_CORRECT_total_count, 83,             0

BP_OFF_PATH_CONF_RECOVER_AT_EXEC_count, 84,             0
BP_OFF_PATH_CONF_RECOVER_AT_EXEC_total_count, 84,             0

BP_OFF_PATH_CONF_CORRECT_count, 84,             0
BP_OFF_PATH_CONF_CORRECT_total_count, 84,             0

BP_ON_PATH_PRED_MIS_CONF_RECOVER_AT_EXEC_count, 85,             0
BP_ON_PATH_PRED_MIS_CONF_RECOVER_AT_EXEC_total_count, 85,             0

BP_ON_PATH_PRED_MIS_CONF_CORRECT_count, 85,             0
BP_ON_PATH_PRED_MIS_CONF_CORRECT_total_count, 85,             0

BP_ON_PATH_PRED_COR_CONF_RECOVER_AT_EXEC_count, 86,             0
BP_ON_PATH_PRED_COR_CONF_RECOVER_AT_EXEC_total_count, 86,             0

BP_ON_PATH_PRED_COR_CONF_CORRECT_count, 86,             0
BP_ON_PATH_PRED_COR_CONF_CORRECT_total_count, 86,             0

BP_OFF_PATH_PRED_MIS_CONF_RECOVER_AT_EXEC_count, 87,             0
BP_OFF_PATH_PRED_MIS_CONF_RECOVER_AT_EXEC_total_count, 87,             0

BP_OFF_PATH_PRED_MIS_CONF_CORRECT_count, 87,             0
BP_OFF_PATH_PRED_MIS_CONF_CORRECT_total_count, 87,             0

BP_OFF_PATH_PRED_COR_CONF_RECOVER_AT_EXEC_count, 88,             0
BP_OFF_PATH_PRED_COR_CONF_RECOVER_AT_EXEC_total_count, 88,             0

BP_OFF_PATH_PRED_COR_CONF_CORRECT_count, 88,             0
BP_OFF_PATH_PRED_COR_CONF_CORRECT_total_count, 88,             0

ONPATH_CONF_RECOVER_AT_EXEC_count, 89,             0
ONPATH_CONF_RECOVER_AT_EXEC_total_count, 89,             0

ONPATH_CONF_CORRECT_count, 89,             0
ONPATH_CONF_CORRECT_total_count, 89,             0

ONPATH_ON_PATH_CONF_RECOVER_AT_EXEC_count, 90,             0
ONPATH_ON_PATH_CONF_RECOVER_AT_EXEC_total_count, 90,             0

ONPATH_ON_PATH_CONF_CORRECT_count, 90,             0
ONPATH_ON_PATH_CONF_CORRECT_total_count, 90,             0

ONPATH_OFF_PATH_CONF_RECOVER_AT_EXEC_count, 91,             0
ONPATH_OFF_PATH_CONF_RECOVER_AT_EXEC_total_count, 91,             0

ONPATH_OFF_PATH_CONF_CORRECT_count, 91,             0
ONPATH_OFF_PATH_CONF_CORRECT_total_count, 91,             0

PRED_ONPATH_CONF_RECOVER_AT_EXEC_count, 92,             0
PRED_ONPATH_CONF_RECOVER_AT_EXEC_total_count, 92,             0

PRED_ONPATH_CONF_CORRECT_count, 92,             0
PRED_ONPATH_CONF_CORRECT_total_count, 92,             0

PRED_OFFPATH_CONF_RECOVER_AT_EXEC_count, 93,             0
PRED_OFFPATH_CONF_RECOVER_AT_EXEC_total_count, 93,             0

PRED_OFFPATH_CONF_CORRECT_count, 93,             0
PRED_OFFPATH_CONF_CORRECT_total_count, 93,             0

LONG_OVWT_MIS_count, 94,             0
LONG_OVWT_MIS_total_count, 94,             0

LONG_OVWT_COR_count, 94,             0
LONG_OVWT_COR_total_count, 94,             0

OPC_LENGTH_0_7_MIS_count, 95,             0
OPC_LENGTH_0_7_MIS_total_count, 95,             0

OPC_LENGTH_0_7_COR_count, 95,             0
OPC_LENGTH_0_7_COR_total_count, 95,             0

OPC_LENGTH_8_15_MIS_count, 96,             0
OPC_LENGTH_8_15_MIS_total_count, 96,             0

OPC_LENGTH_8_15_COR_count, 96,             0
OPC_LENGTH_8_15_COR_total_count, 96,             0

OPC_LENGTH_16_23_MIS_count, 97,             0
OPC_LENGTH_16_23_MIS_total_count, 97,             0

OPC_LENGTH_16_23_COR_count, 97,             0
OPC_LENGTH_16_23_COR_total_count, 97,             0

OPC_LENGTH_24_31_MIS_count, 98,             0
OPC_LENGTH_24_31_MIS_total_count, 98,             0

OPC_LENGTH_24_31_COR_count, 98,             0
OPC_LENGTH_24_31_COR_total_count, 98,             0

OPC_LENGTH_32_39_MIS_count, 99,             0
OPC_LENGTH_32_39_MIS_total_count, 99,             0

OPC_LENGTH_32_39_COR_count, 99,             0
OPC_LENGTH_32_39_COR_total_count, 99,             0

OPC_LENGTH_40_47_MIS_count, 100,             0
OPC_LENGTH_40_47_MIS_total_count, 100,             0

OPC_LENGTH_40_47_COR_count, 100,             0
OPC_LENGTH_40_47_COR_total_count, 100,             0

OPC_LENGTH_48_55_MIS_count, 101,             0
OPC_LENGTH_48_55_MIS_total_count, 101,             0

OPC_LENGTH_48_55_COR_count, 101,             0
OPC_LENGTH_48_55_COR_total_count, 101,             0

OPC_LENGTH_56_63_MIS_count, 102,             0
OPC_LENGTH_56_63_MIS_total_count, 102,             0

OPC_LENGTH_56_63_COR_count, 102,             0
OPC_LENGTH_56_63_COR_total_count, 102,             0

OPC_LENGTH_64_71_MIS_count, 103,             0
OPC_LENGTH_64_71_MIS_total_count, 103,             0

OPC_LENGTH_64_71_COR_count, 103,             0
OPC_LENGTH_64_71_COR_total_count, 103,             0

OPC_LENGTH_72_79_MIS_count, 104,             0
OPC_LENGTH_72_79_MIS_total_count, 104,             0

OPC_LENGTH_72_79_COR_count, 104,             0
OPC_LENGTH_72_79_COR_total_count, 104,             0

OPC_LENGTH_80_MIS_count, 105,             0
OPC_LENGTH_80_MIS_total_count, 105,             0

OPC_LENGTH_80_COR_count, 105,             0
OPC_LENGTH_80_COR_total_count, 105,             0

ALL_ONES_MIS_count, 106,             0
ALL_ONES_MIS_total_count, 106,             0

ALL_ONES_COR_count, 106,             0
ALL_ONES_COR_total_count, 106,             0

FIRST_ONE_MIS_count, 107,             0
FIRST_ONE_MIS_total_count, 107,             0

FIRST_ONE_COR_count, 107,             0
FIRST_ONE_COR_total_count, 107,             0

ZEROS_0_1_MIS_count, 108,             0
ZEROS_0_1_MIS_total_count, 108,             0

ZEROS_0_1_COR_count, 108,             0
ZEROS_0_1_COR_total_count, 108,             0

ZEROS_2_3_MIS_count, 109,             0
ZEROS_2_3_MIS_total_count, 109,             0

ZEROS_2_3_COR_count, 109,             0
ZEROS_2_3_COR_total_count, 109,             0

ZEROS_4_5_MIS_count, 110,             0
ZEROS_4_5_MIS_total_count, 110,             0

ZEROS_4_5_COR_count, 110,             0
ZEROS_4_5_COR_total_count, 110,             0

ZEROS_6_7_MIS_count, 111,             0
ZEROS_6_7_MIS_total_count, 111,             0

ZEROS_6_7_COR_count, 111,             0
ZEROS_6_7_COR_total_count, 111,             0

ZEROS_8_9_MIS_count, 112,             0
ZEROS_8_9_MIS_total_count, 112,             0

ZEROS_8_9_COR_count, 112,             0
ZEROS_8_9_COR_total_count, 112,             0

ZEROS_10_11_MIS_count, 113,             0
ZEROS_10_11_MIS_total_count, 113,             0

ZEROS_10_11_COR_count, 113,             0
ZEROS_10_11_COR_total_count, 113,             0

ZEROS_12_13_MIS_count, 114,             0
ZEROS_12_13_MIS_total_count, 114,             0

ZEROS_12_13_COR_count, 114,             0
ZEROS_12_13_COR_total_count, 114,             0

ZEROS_14_15_MIS_count, 115,             0
ZEROS_14_15_MIS_total_count, 115,             0

ZEROS_14_15_COR_count, 115,             0
ZEROS_14_15_COR_total_count, 115,             0

ZEROS_16_MIS_count, 116,             0
ZEROS_16_MIS_total_count, 116,             0

ZEROS_16_COR_count, 116,             0
ZEROS_16_COR_total_count, 116,             0

GS2BC_GSHARE_count, 117,             0
GS2BC_GSHARE_total_count, 117,             0

GS2BC_2BC_count, 117,             0
GS2BC_2BC_total_count, 117,             0

GSKEW2BC_VOTE_count, 118,             0
GSKEW2BC_VOTE_total_count, 118,             0

GSKEW2BC_2BC_count, 118,             0
GSKEW2BC_2BC_total_count, 118,             0

FUTGSHARE_INIT_ON_PATH_CORRECT_count, 119,             0
FUTGSHARE_INIT_ON_PATH_CORRECT_total_count, 119,             0

FUTGSHARE_INIT_ON_PATH_RECOVER_AT_EXEC_count, 119,             0
FUTGSHARE_INIT_ON_PATH_RECOVER_AT_EXEC_total_count, 119,             0

FUTGSHARE_INIT_OFF_PATH_CORRECT_count, 120,             0
FUTGSHARE_INIT_OFF_PATH_CORRECT_total_count, 120,             0

FUTGSHARE_INIT_OFF_PATH_RECOVER_AT_EXEC_count, 120,             0
FUTGSHARE_INIT_OFF_PATH_RECOVER_AT_EXEC_total_count, 120,             0

FUTGSHARE_CHANGED_CORRECTED_ON_PATH_count, 121,             0
FUTGSHARE_CHANGED_CORRECTED_ON_PATH_total_count, 121,             0

FUTGSHARE_CHANGED_SCREWED_ON_PATH_count, 121,             0
FUTGSHARE_CHANGED_SCREWED_ON_PATH_total_count, 121,             0

FUTGSHARE_CHANGED_CORRECTED_OFF_PATH_count, 122,             0
FUTGSHARE_CHANGED_CORRECTED_OFF_PATH_total_count, 122,             0

FUTGSHARE_CHANGED_SCREWED_OFF_PATH_count, 122,             0
FUTGSHARE_CHANGED_SCREWED_OFF_PATH_total_count, 122,             0

FUTGSHARE_ORIG_CORRECT_FUT_CORRECT_ON_PATH_count, 123,             0
FUTGSHARE_ORIG_CORRECT_FUT_CORRECT_ON_PATH_total_count, 123,             0

FUTGSHARE_ORIG_RECOVER_AT_EXEC_FUT_CORRECT_ON_PATH_count, 123,             0
FUTGSHARE_ORIG_RECOVER_AT_EXEC_FUT_CORRECT_ON_PATH_total_count, 123,             0

FUTGSHARE_ORIG_CORRECT_FUT_RECOVER_AT_EXEC_ON_PATH_count, 123,             0
FUTGSHARE_ORIG_CORRECT_FUT_RECOVER_AT_EXEC_ON_PATH_total_count, 123,             0

FUTGSHARE_ORIG_RECOVER_AT_EXEC_FUT_RECOVER_AT_EXEC_ON_PATH_count, 123,             0
FUTGSHARE_ORIG_RECOVER_AT_EXEC_FUT_RECOVER_AT_EXEC_ON_PATH_total_count, 123,             0

FUTGSHARE_ORIG_CORRECT_FUT_CORRECT_OFF_PATH_count, 124,             0
FUTGSHARE_ORIG_CORRECT_FUT_CORRECT_OFF_PATH_total_count, 124,             0

FUTGSHARE_ORIG_RECOVER_AT_EXEC_FUT_CORRECT_OFF_PATH_count, 124,             0
FUTGSHARE_ORIG_RECOVER_AT_EXEC_FUT_CORRECT_OFF_PATH_total_count, 124,             0

FUTGSHARE_ORIG_CORRECT_FUT_RECOVER_AT_EXEC_OFF_PATH_count, 124,             0
FUTGSHARE_ORIG_CORRECT_FUT_RECOVER_AT_EXEC_OFF_PATH_total_count, 124,             0

FUTGSHARE_ORIG_RECOVER_AT_EXEC_FUT_RECOVER_AT_EXEC_OFF_PATH_count, 124,             0
FUTGSHARE_ORIG_RECOVER_AT_EXEC_FUT_RECOVER_AT_EXEC_OFF_PATH_total_count, 124,             0

FUTGSHARE_ON_PATH_CORRECT_0_count, 125,             0
FUTGSHARE_ON_PATH_CORRECT_0_total_count, 125,             0

FUTGSHARE_ON_PATH_RECOVER_AT_EXEC_0_count, 125,             0
FUTGSHARE_ON_PATH_RECOVER_AT_EXEC_0_total_count, 125,             0

FUTGSHARE_OFF_PATH_CORRECT_0_count, 126,             0
FUTGSHARE_OFF_PATH_CORRECT_0_total_count, 126,             0

FUTGSHARE_OFF_PATH_RECOVER_AT_EXEC_0_count, 126,             0
FUTGSHARE_OFF_PATH_RECOVER_AT_EXEC_0_total_count, 126,             0

FUTGSHARE_ON_PATH_CORRECT_1_count, 127,             0
FUTGSHARE_ON_PATH_CORRECT_1_total_count, 127,             0

FUTGSHARE_ON_PATH_RECOVER_AT_EXEC_1_count, 127,             0
FUTGSHARE_ON_PATH_RECOVER_AT_EXEC_1_total_count, 127,             0

FUTGSHARE_OFF_PATH_CORRECT_1_count, 128,             0
FUTGSHARE_OFF_PATH_CORRECT_1_total_count, 128,             0

FUTGSHARE_OFF_PATH_RECOVER_AT_EXEC_1_count, 128,             0
FUTGSHARE_OFF_PATH_RECOVER_AT_EXEC_1_total_count, 128,             0

FUTGSHARE_ON_PATH_CORRECT_2_count, 129,             0
FUTGSHARE_ON_PATH_CORRECT_2_total_count, 129,             0

FUTGSHARE_ON_PATH_RECOVER_AT_EXEC_2_count, 129,             0
FUTGSHARE_ON_PATH_RECOVER_AT_EXEC_2_total_count, 129,             0

FUTGSHARE_OFF_PATH_CORRECT_2_count, 130,             0
FUTGSHARE_OFF_PATH_CORRECT_2_total_count, 130,             0

FUTGSHARE_OFF_PATH_RECOVER_AT_EXEC_2_count, 130,             0
FUTGSHARE_OFF_PATH_RECOVER_AT_EXEC_2_total_count, 130,             0

FUTGSHARE_ON_PATH_CORRECT_3_count, 131,             0
FUTGSHARE_ON_PATH_CORRECT_3_total_count, 131,             0

FUTGSHARE_ON_PATH_RECOVER_AT_EXEC_3_count, 131,             0
FUTGSHARE_ON_PATH_RECOVER_AT_EXEC_3_total_count, 131,             0

FUTGSHARE_OFF_PATH_CORRECT_3_count, 132,             0
FUTGSHARE_OFF_PATH_CORRECT_3_total_count, 132,             0

FUTGSHARE_OFF_PATH_RECOVER_AT_EXEC_3_count, 132,             0
FUTGSHARE_OFF_PATH_RECOVER_AT_EXEC_3_total_count, 132,             0

FUTGSHARE_ON_PATH_CORRECT_4_count, 133,             0
FUTGSHARE_ON_PATH_CORRECT_4_total_count, 133,             0

FUTGSHARE_ON_PATH_RECOVER_AT_EXEC_4_count, 133,             0
FUTGSHARE_ON_PATH_RECOVER_AT_EXEC_4_total_count, 133,             0

FUTGSHARE_OFF_PATH_CORRECT_4_count, 134,             0
FUTGSHARE_OFF_PATH_CORRECT_4_total_count, 134,             0

FUTGSHARE_OFF_PATH_RECOVER_AT_EXEC_4_count, 134,             0
FUTGSHARE_OFF_PATH_RECOVER_AT_EXEC_4_total_count, 134,             0

FUTGSHARE_ON_PATH_CORRECT_5_count, 135,             0
FUTGSHARE_ON_PATH_CORRECT_5_total_count, 135,             0

FUTGSHARE_ON_PATH_RECOVER_AT_EXEC_5_count, 135,             0
FUTGSHARE_ON_PATH_RECOVER_AT_EXEC_5_total_count, 135,             0

FUTGSHARE_OFF_PATH_CORRECT_5_count, 136,             0
FUTGSHARE_OFF_PATH_CORRECT_5_total_count, 136,             0

FUTGSHARE_OFF_PATH_RECOVER_AT_EXEC_5_count, 136,             0
FUTGSHARE_OFF_PATH_RECOVER_AT_EXEC_5_total_count, 136,             0

FUTGSHARE_ON_PATH_CORRECT_6_count, 137,             0
FUTGSHARE_ON_PATH_CORRECT_6_total_count, 137,             0

FUTGSHARE_ON_PATH_RECOVER_AT_EXEC_6_count, 137,             0
FUTGSHARE_ON_PATH_RECOVER_AT_EXEC_6_total_count, 137,             0

FUTGSHARE_OFF_PATH_CORRECT_6_count, 138,             0
FUTGSHARE_OFF_PATH_CORRECT_6_total_count, 138,             0

FUTGSHARE_OFF_PATH_RECOVER_AT_EXEC_6_count, 138,             0
FUTGSHARE_OFF_PATH_RECOVER_AT_EXEC_6_total_count, 138,             0

FUTGSHARE_ON_PATH_CORRECT_7_count, 139,             0
FUTGSHARE_ON_PATH_CORRECT_7_total_count, 139,             0

FUTGSHARE_ON_PATH_RECOVER_AT_EXEC_7_count, 139,             0
FUTGSHARE_ON_PATH_RECOVER_AT_EXEC_7_total_count, 139,             0

FUTGSHARE_OFF_PATH_CORRECT_7_count, 140,             0
FUTGSHARE_OFF_PATH_CORRECT_7_total_count, 140,             0

FUTGSHARE_OFF_PATH_RECOVER_AT_EXEC_7_count, 140,             0
FUTGSHARE_OFF_PATH_RECOVER_AT_EXEC_7_total_count, 140,             0

FUTGSHARE_ON_PATH_CORRECT_8_count, 141,             0
FUTGSHARE_ON_PATH_CORRECT_8_total_count, 141,             0

FUTGSHARE_ON_PATH_RECOVER_AT_EXEC_8_count, 141,             0
FUTGSHARE_ON_PATH_RECOVER_AT_EXEC_8_total_count, 141,             0

FUTGSHARE_OFF_PATH_CORRECT_8_count, 142,             0
FUTGSHARE_OFF_PATH_CORRECT_8_total_count, 142,             0

FUTGSHARE_OFF_PATH_RECOVER_AT_EXEC_8_count, 142,             0
FUTGSHARE_OFF_PATH_RECOVER_AT_EXEC_8_total_count, 142,             0

FUTGSHARE_ON_PATH_CORRECT_9_count, 143,             0
FUTGSHARE_ON_PATH_CORRECT_9_total_count, 143,             0

FUTGSHARE_ON_PATH_RECOVER_AT_EXEC_9_count, 143,             0
FUTGSHARE_ON_PATH_RECOVER_AT_EXEC_9_total_count, 143,             0

FUTGSHARE_OFF_PATH_CORRECT_9_count, 144,             0
FUTGSHARE_OFF_PATH_CORRECT_9_total_count, 144,             0

FUTGSHARE_OFF_PATH_RECOVER_AT_EXEC_9_count, 144,             0
FUTGSHARE_OFF_PATH_RECOVER_AT_EXEC_9_total_count, 144,             0

FUTGSHARE_ON_PATH_CORRECT_10_count, 145,             0
FUTGSHARE_ON_PATH_CORRECT_10_total_count, 145,             0

FUTGSHARE_ON_PATH_RECOVER_AT_EXEC_10_count, 145,             0
FUTGSHARE_ON_PATH_RECOVER_AT_EXEC_10_total_count, 145,             0

FUTGSHARE_OFF_PATH_CORRECT_10_count, 146,             0
FUTGSHARE_OFF_PATH_CORRECT_10_total_count, 146,             0

FUTGSHARE_OFF_PATH_RECOVER_AT_EXEC_10_count, 146,             0
FUTGSHARE_OFF_PATH_RECOVER_AT_EXEC_10_total_count, 146,             0

FUTGSHARE_ON_PATH_CORRECT_11_count, 147,             0
FUTGSHARE_ON_PATH_CORRECT_11_total_count, 147,             0

FUTGSHARE_ON_PATH_RECOVER_AT_EXEC_11_count, 147,             0
FUTGSHARE_ON_PATH_RECOVER_AT_EXEC_11_total_count, 147,             0

FUTGSHARE_OFF_PATH_CORRECT_11_count, 148,             0
FUTGSHARE_OFF_PATH_CORRECT_11_total_count, 148,             0

FUTGSHARE_OFF_PATH_RECOVER_AT_EXEC_11_count, 148,             0
FUTGSHARE_OFF_PATH_RECOVER_AT_EXEC_11_total_count, 148,             0

FUTGSHARE_ON_PATH_CORRECT_12_count, 149,             0
FUTGSHARE_ON_PATH_CORRECT_12_total_count, 149,             0

FUTGSHARE_ON_PATH_RECOVER_AT_EXEC_12_count, 149,             0
FUTGSHARE_ON_PATH_RECOVER_AT_EXEC_12_total_count, 149,             0

FUTGSHARE_OFF_PATH_CORRECT_12_count, 150,             0
FUTGSHARE_OFF_PATH_CORRECT_12_total_count, 150,             0

FUTGSHARE_OFF_PATH_RECOVER_AT_EXEC_12_count, 150,             0
FUTGSHARE_OFF_PATH_RECOVER_AT_EXEC_12_total_count, 150,             0

FUTGSHARE_ON_PATH_CORRECT_13_count, 151,             0
FUTGSHARE_ON_PATH_CORRECT_13_total_count, 151,             0

FUTGSHARE_ON_PATH_RECOVER_AT_EXEC_13_count, 151,             0
FUTGSHARE_ON_PATH_RECOVER_AT_EXEC_13_total_count, 151,             0

FUTGSHARE_OFF_PATH_CORRECT_13_count, 152,             0
FUTGSHARE_OFF_PATH_CORRECT_13_total_count, 152,             0

FUTGSHARE_OFF_PATH_RECOVER_AT_EXEC_13_count, 152,             0
FUTGSHARE_OFF_PATH_RECOVER_AT_EXEC_13_total_count, 152,             0

FUTGSHARE_ON_PATH_CORRECT_14_count, 153,             0
FUTGSHARE_ON_PATH_CORRECT_14_total_count, 153,             0

FUTGSHARE_ON_PATH_RECOVER_AT_EXEC_14_count, 153,             0
FUTGSHARE_ON_PATH_RECOVER_AT_EXEC_14_total_count, 153,             0

FUTGSHARE_OFF_PATH_CORRECT_14_count, 154,             0
FUTGSHARE_OFF_PATH_CORRECT_14_total_count, 154,             0

FUTGSHARE_OFF_PATH_RECOVER_AT_EXEC_14_count, 154,             0
FUTGSHARE_OFF_PATH_RECOVER_AT_EXEC_14_total_count, 154,             0

FUTGSHARE_ON_PATH_CORRECT_15_count, 155,             0
FUTGSHARE_ON_PATH_CORRECT_15_total_count, 155,             0

FUTGSHARE_ON_PATH_RECOVER_AT_EXEC_15_count, 155,             0
FUTGSHARE_ON_PATH_RECOVER_AT_EXEC_15_total_count, 155,             0

FUTGSHARE_OFF_PATH_CORRECT_15_count, 156,             0
FUTGSHARE_OFF_PATH_CORRECT_15_total_count, 156,             0

FUTGSHARE_OFF_PATH_RECOVER_AT_EXEC_15_count, 156,             0
FUTGSHARE_OFF_PATH_RECOVER_AT_EXEC_15_total_count, 156,             0

FUTGSHARE_CHANGED_CORRECTED_ON_PATH_0_count, 157,             0
FUTGSHARE_CHANGED_CORRECTED_ON_PATH_0_total_count, 157,             0

FUTGSHARE_CHANGED_SCREWED_ON_PATH_0_count, 157,             0
FUTGSHARE_CHANGED_SCREWED_ON_PATH_0_total_count, 157,             0

FUTGSHARE_CHANGED_CORRECTED_OFF_PATH_0_count, 158,             0
FUTGSHARE_CHANGED_CORRECTED_OFF_PATH_0_total_count, 158,             0

FUTGSHARE_CHANGED_SCREWED_OFF_PATH_0_count, 158,             0
FUTGSHARE_CHANGED_SCREWED_OFF_PATH_0_total_count, 158,             0

FUTGSHARE_CHANGED_CORRECTED_ON_PATH_1_count, 159,             0
FUTGSHARE_CHANGED_CORRECTED_ON_PATH_1_total_count, 159,             0

FUTGSHARE_CHANGED_SCREWED_ON_PATH_1_count, 159,             0
FUTGSHARE_CHANGED_SCREWED_ON_PATH_1_total_count, 159,             0

FUTGSHARE_CHANGED_CORRECTED_OFF_PATH_1_count, 160,             0
FUTGSHARE_CHANGED_CORRECTED_OFF_PATH_1_total_count, 160,             0

FUTGSHARE_CHANGED_SCREWED_OFF_PATH_1_count, 160,             0
FUTGSHARE_CHANGED_SCREWED_OFF_PATH_1_total_count, 160,             0

FUTGSHARE_CHANGED_CORRECTED_ON_PATH_2_count, 161,             0
FUTGSHARE_CHANGED_CORRECTED_ON_PATH_2_total_count, 161,             0

FUTGSHARE_CHANGED_SCREWED_ON_PATH_2_count, 161,             0
FUTGSHARE_CHANGED_SCREWED_ON_PATH_2_total_count, 161,             0

FUTGSHARE_CHANGED_CORRECTED_OFF_PATH_2_count, 162,             0
FUTGSHARE_CHANGED_CORRECTED_OFF_PATH_2_total_count, 162,             0

FUTGSHARE_CHANGED_SCREWED_OFF_PATH_2_count, 162,             0
FUTGSHARE_CHANGED_SCREWED_OFF_PATH_2_total_count, 162,             0

FUTGSHARE_CHANGED_CORRECTED_ON_PATH_3_count, 163,             0
FUTGSHARE_CHANGED_CORRECTED_ON_PATH_3_total_count, 163,             0

FUTGSHARE_CHANGED_SCREWED_ON_PATH_3_count, 163,             0
FUTGSHARE_CHANGED_SCREWED_ON_PATH_3_total_count, 163,             0

FUTGSHARE_CHANGED_CORRECTED_OFF_PATH_3_count, 164,             0
FUTGSHARE_CHANGED_CORRECTED_OFF_PATH_3_total_count, 164,             0

FUTGSHARE_CHANGED_SCREWED_OFF_PATH_3_count, 164,             0
FUTGSHARE_CHANGED_SCREWED_OFF_PATH_3_total_count, 164,             0

FUTGSHARE_CHANGED_CORRECTED_ON_PATH_4_count, 165,             0
FUTGSHARE_CHANGED_CORRECTED_ON_PATH_4_total_count, 165,             0

FUTGSHARE_CHANGED_SCREWED_ON_PATH_4_count, 165,             0
FUTGSHARE_CHANGED_SCREWED_ON_PATH_4_total_count, 165,             0

FUTGSHARE_CHANGED_CORRECTED_OFF_PATH_4_count, 166,             0
FUTGSHARE_CHANGED_CORRECTED_OFF_PATH_4_total_count, 166,             0

FUTGSHARE_CHANGED_SCREWED_OFF_PATH_4_count, 166,             0
FUTGSHARE_CHANGED_SCREWED_OFF_PATH_4_total_count, 166,             0

FUTGSHARE_CHANGED_CORRECTED_ON_PATH_5_count, 167,             0
FUTGSHARE_CHANGED_CORRECTED_ON_PATH_5_total_count, 167,             0

FUTGSHARE_CHANGED_SCREWED_ON_PATH_5_count, 167,             0
FUTGSHARE_CHANGED_SCREWED_ON_PATH_5_total_count, 167,             0

FUTGSHARE_CHANGED_CORRECTED_OFF_PATH_5_count, 168,             0
FUTGSHARE_CHANGED_CORRECTED_OFF_PATH_5_total_count, 168,             0

FUTGSHARE_CHANGED_SCREWED_OFF_PATH_5_count, 168,             0
FUTGSHARE_CHANGED_SCREWED_OFF_PATH_5_total_count, 168,             0

FUTGSHARE_CHANGED_CORRECTED_ON_PATH_6_count, 169,             0
FUTGSHARE_CHANGED_CORRECTED_ON_PATH_6_total_count, 169,             0

FUTGSHARE_CHANGED_SCREWED_ON_PATH_6_count, 169,             0
FUTGSHARE_CHANGED_SCREWED_ON_PATH_6_total_count, 169,             0

FUTGSHARE_CHANGED_CORRECTED_OFF_PATH_6_count, 170,             0
FUTGSHARE_CHANGED_CORRECTED_OFF_PATH_6_total_count, 170,             0

FUTGSHARE_CHANGED_SCREWED_OFF_PATH_6_count, 170,             0
FUTGSHARE_CHANGED_SCREWED_OFF_PATH_6_total_count, 170,             0

FUTGSHARE_CHANGED_CORRECTED_ON_PATH_7_count, 171,             0
FUTGSHARE_CHANGED_CORRECTED_ON_PATH_7_total_count, 171,             0

FUTGSHARE_CHANGED_SCREWED_ON_PATH_7_count, 171,             0
FUTGSHARE_CHANGED_SCREWED_ON_PATH_7_total_count, 171,             0

FUTGSHARE_CHANGED_CORRECTED_OFF_PATH_7_count, 172,             0
FUTGSHARE_CHANGED_CORRECTED_OFF_PATH_7_total_count, 172,             0

FUTGSHARE_CHANGED_SCREWED_OFF_PATH_7_count, 172,             0
FUTGSHARE_CHANGED_SCREWED_OFF_PATH_7_total_count, 172,             0

FUTGSHARE_CHANGED_CORRECTED_ON_PATH_8_count, 173,             0
FUTGSHARE_CHANGED_CORRECTED_ON_PATH_8_total_count, 173,             0

FUTGSHARE_CHANGED_SCREWED_ON_PATH_8_count, 173,             0
FUTGSHARE_CHANGED_SCREWED_ON_PATH_8_total_count, 173,             0

FUTGSHARE_CHANGED_CORRECTED_OFF_PATH_8_count, 174,             0
FUTGSHARE_CHANGED_CORRECTED_OFF_PATH_8_total_count, 174,             0

FUTGSHARE_CHANGED_SCREWED_OFF_PATH_8_count, 174,             0
FUTGSHARE_CHANGED_SCREWED_OFF_PATH_8_total_count, 174,             0

FUTGSHARE_CHANGED_CORRECTED_ON_PATH_9_count, 175,             0
FUTGSHARE_CHANGED_CORRECTED_ON_PATH_9_total_count, 175,             0

FUTGSHARE_CHANGED_SCREWED_ON_PATH_9_count, 175,             0
FUTGSHARE_CHANGED_SCREWED_ON_PATH_9_total_count, 175,             0

FUTGSHARE_CHANGED_CORRECTED_OFF_PATH_9_count, 176,             0
FUTGSHARE_CHANGED_CORRECTED_OFF_PATH_9_total_count, 176,             0

FUTGSHARE_CHANGED_SCREWED_OFF_PATH_9_count, 176,             0
FUTGSHARE_CHANGED_SCREWED_OFF_PATH_9_total_count, 176,             0

FUTGSHARE_CHANGED_CORRECTED_ON_PATH_10_count, 177,             0
FUTGSHARE_CHANGED_CORRECTED_ON_PATH_10_total_count, 177,             0

FUTGSHARE_CHANGED_SCREWED_ON_PATH_10_count, 177,             0
FUTGSHARE_CHANGED_SCREWED_ON_PATH_10_total_count, 177,             0

FUTGSHARE_CHANGED_CORRECTED_OFF_PATH_10_count, 178,             0
FUTGSHARE_CHANGED_CORRECTED_OFF_PATH_10_total_count, 178,             0

FUTGSHARE_CHANGED_SCREWED_OFF_PATH_10_count, 178,             0
FUTGSHARE_CHANGED_SCREWED_OFF_PATH_10_total_count, 178,             0

FUTGSHARE_CHANGED_CORRECTED_ON_PATH_11_count, 179,             0
FUTGSHARE_CHANGED_CORRECTED_ON_PATH_11_total_count, 179,             0

FUTGSHARE_CHANGED_SCREWED_ON_PATH_11_count, 179,             0
FUTGSHARE_CHANGED_SCREWED_ON_PATH_11_total_count, 179,             0

FUTGSHARE_CHANGED_CORRECTED_OFF_PATH_11_count, 180,             0
FUTGSHARE_CHANGED_CORRECTED_OFF_PATH_11_total_count, 180,             0

FUTGSHARE_CHANGED_SCREWED_OFF_PATH_11_count, 180,             0
FUTGSHARE_CHANGED_SCREWED_OFF_PATH_11_total_count, 180,             0

FUTGSHARE_CHANGED_CORRECTED_ON_PATH_12_count, 181,             0
FUTGSHARE_CHANGED_CORRECTED_ON_PATH_12_total_count, 181,             0

FUTGSHARE_CHANGED_SCREWED_ON_PATH_12_count, 181,             0
FUTGSHARE_CHANGED_SCREWED_ON_PATH_12_total_count, 181,             0

FUTGSHARE_CHANGED_CORRECTED_OFF_PATH_12_count, 182,             0
FUTGSHARE_CHANGED_CORRECTED_OFF_PATH_12_total_count, 182,             0

FUTGSHARE_CHANGED_SCREWED_OFF_PATH_12_count, 182,             0
FUTGSHARE_CHANGED_SCREWED_OFF_PATH_12_total_count, 182,             0

FUTGSHARE_CHANGED_CORRECTED_ON_PATH_13_count, 183,             0
FUTGSHARE_CHANGED_CORRECTED_ON_PATH_13_total_count, 183,             0

FUTGSHARE_CHANGED_SCREWED_ON_PATH_13_count, 183,             0
FUTGSHARE_CHANGED_SCREWED_ON_PATH_13_total_count, 183,             0

FUTGSHARE_CHANGED_CORRECTED_OFF_PATH_13_count, 184,             0
FUTGSHARE_CHANGED_CORRECTED_OFF_PATH_13_total_count, 184,             0

FUTGSHARE_CHANGED_SCREWED_OFF_PATH_13_count, 184,             0
FUTGSHARE_CHANGED_SCREWED_OFF_PATH_13_total_count, 184,             0

FUTGSHARE_CHANGED_CORRECTED_ON_PATH_14_count, 185,             0
FUTGSHARE_CHANGED_CORRECTED_ON_PATH_14_total_count, 185,             0

FUTGSHARE_CHANGED_SCREWED_ON_PATH_14_count, 185,             0
FUTGSHARE_CHANGED_SCREWED_ON_PATH_14_total_count, 185,             0

FUTGSHARE_CHANGED_CORRECTED_OFF_PATH_14_count, 186,             0
FUTGSHARE_CHANGED_CORRECTED_OFF_PATH_14_total_count, 186,             0

FUTGSHARE_CHANGED_SCREWED_OFF_PATH_14_count, 186,             0
FUTGSHARE_CHANGED_SCREWED_OFF_PATH_14_total_count, 186,             0

FUTGSHARE_CHANGED_CORRECTED_ON_PATH_15_count, 187,             0
FUTGSHARE_CHANGED_CORRECTED_ON_PATH_15_total_count, 187,             0

FUTGSHARE_CHANGED_SCREWED_ON_PATH_15_count, 187,             0
FUTGSHARE_CHANGED_SCREWED_ON_PATH_15_total_count, 187,             0

FUTGSHARE_CHANGED_CORRECTED_OFF_PATH_15_count, 188,             0
FUTGSHARE_CHANGED_CORRECTED_OFF_PATH_15_total_count, 188,             0

FUTGSHARE_CHANGED_SCREWED_OFF_PATH_15_count, 188,             0
FUTGSHARE_CHANGED_SCREWED_OFF_PATH_15_total_count, 188,             0

FRAGHIST_BIN_0_count, 189,             0
FRAGHIST_BIN_0_total_count, 189,             0

FRAGHIST_BIN_1_count, 189,             0
FRAGHIST_BIN_1_total_count, 189,             0

FRAGHIST_BIN_2_count, 189,             0
FRAGHIST_BIN_2_total_count, 189,             0

FRAGHIST_BIN_3_count, 189,             0
FRAGHIST_BIN_3_total_count, 189,             0

FRAGHIST_BIN_4_count, 189,             0
FRAGHIST_BIN_4_total_count, 189,             0

FRAGHIST_BIN_5_count, 189,             0
FRAGHIST_BIN_5_total_count, 189,             0

FRAGHIST_BIN_6_count, 189,             0
FRAGHIST_BIN_6_total_count, 189,             0

FRAGHIST_BIN_7_count, 189,             0
FRAGHIST_BIN_7_total_count, 189,             0

FRAGHIST_BIN_8_count, 189,             0
FRAGHIST_BIN_8_total_count, 189,             0

FRAGHIST_BIN_9_count, 189,             0
FRAGHIST_BIN_9_total_count, 189,             0

FRAGHIST_BIN_10_count, 189,             0
FRAGHIST_BIN_10_total_count, 189,             0

FRAGHIST_BIN_11_count, 189,             0
FRAGHIST_BIN_11_total_count, 189,             0

FRAGHIST_BIN_12_count, 189,             0
FRAGHIST_BIN_12_total_count, 189,             0

FRAGHIST_BIN_13_count, 189,             0
FRAGHIST_BIN_13_total_count, 189,             0

FRAGHIST_BIN_14_count, 189,             0
FRAGHIST_BIN_14_total_count, 189,             0

FRAGHIST_BIN_15_count, 189,             0
FRAGHIST_BIN_15_total_count, 189,             0

FRAGHIST_BIN_16_count, 189,             0
FRAGHIST_BIN_16_total_count, 189,             0

FRAGHIST_BIN_17_count, 189,             0
FRAGHIST_BIN_17_total_count, 189,             0

FRAGHIST_BIN_18_count, 189,             0
FRAGHIST_BIN_18_total_count, 189,             0

FRAGHIST_BIN_19_count, 189,             0
FRAGHIST_BIN_19_total_count, 189,             0

FRAGHIST_BIN_20_count, 189,             0
FRAGHIST_BIN_20_total_count, 189,             0

FRAGHIST_BIN_21_count, 189,             0
FRAGHIST_BIN_21_total_count, 189,             0

FRAGHIST_BIN_22_count, 189,             0
FRAGHIST_BIN_22_total_count, 189,             0

FRAGHIST_BIN_23_count, 189,             0
FRAGHIST_BIN_23_total_count, 189,             0

FRAGHIST_BIN_24_count, 189,             0
FRAGHIST_BIN_24_total_count, 189,             0

FRAGHIST_BIN_25_count, 189,             0
FRAGHIST_BIN_25_total_count, 189,             0

FRAGHIST_BIN_26_count, 189,             0
FRAGHIST_BIN_26_total_count, 189,             0

FRAGHIST_BIN_27_count, 189,             0
FRAGHIST_BIN_27_total_count, 189,             0

FRAGHIST_BIN_28_count, 189,             0
FRAGHIST_BIN_28_total_count, 189,             0

FRAGHIST_BIN_29_count, 189,             0
FRAGHIST_BIN_29_total_count, 189,             0

FRAGHIST_BIN_30_count, 189,             0
FRAGHIST_BIN_30_total_count, 189,             0

FRAGHIST_BIN_31_count, 189,             0
FRAGHIST_BIN_31_total_count, 189,             0

FRAGHIST_BIN_32_count, 189,             0
FRAGHIST_BIN_32_total_count, 189,             0

BTB_UPDATE_BTB_HIT_JITTED_NOT_CF_count, 190,             0
BTB_UPDATE_BTB_HIT_JITTED_NOT_CF_total_count, 190,             0

BTB_UPDATE_BTB_HIT_JITTED_CF_BR_count, 190,             0
BTB_UPDATE_BTB_HIT_JITTED_CF_BR_total_count, 190,             0

BTB_UPDATE_BTB_HIT_JITTED_CF_CBR_count, 190,             0
BTB_UPDATE_BTB_HIT_JITTED_CF_CBR_total_count, 190,             0

BTB_UPDATE_BTB_HIT_JITTED_CF_CALL_count, 190,             0
BTB_UPDATE_BTB_HIT_JITTED_CF_CALL_total_count, 190,             0

BTB_UPDATE_BTB_HIT_JITTED_CF_IBR_count, 190,             0
BTB_UPDATE_BTB_HIT_JITTED_CF_IBR_total_count, 190,             0

BTB_UPDATE_BTB_HIT_JITTED_CF_ICALL_count, 190,        301621
BTB_UPDATE_BTB_HIT_JITTED_CF_ICALL_total_count, 190,        301621

BTB_UPDATE_BTB_HIT_JITTED_CF_ICO_count, 190,         56065
BTB_UPDATE_BTB_HIT_JITTED_CF_ICO_total_count, 190,         56065

BTB_UPDATE_BTB_HIT_JITTED_CF_RET_count, 190,             0
BTB_UPDATE_BTB_HIT_JITTED_CF_RET_total_count, 190,             0

RESTEER_BTB_MISS_NOT_CF_count, 191,        165214
RESTEER_BTB_MISS_NOT_CF_total_count, 191,        165214

RESTEER_BTB_MISS_CF_BR_count, 191,             0
RESTEER_BTB_MISS_CF_BR_total_count, 191,             0

RESTEER_BTB_MISS_CF_CBR_count, 191,           134
RESTEER_BTB_MISS_CF_CBR_total_count, 191,           134

RESTEER_BTB_MISS_CF_REP_count, 191,            15
RESTEER_BTB_MISS_CF_REP_total_count, 191,            15

RESTEER_BTB_MISS_CF_CALL_count, 191,             0
RESTEER_BTB_MISS_CF_CALL_total_count, 191,             0

RESTEER_BTB_MISS_CF_IBR_count, 191,           174
RESTEER_BTB_MISS_CF_IBR_total_count, 191,           174

RESTEER_BTB_MISS_CF_ICALL_count, 191,             0
RESTEER_BTB_MISS_CF_ICALL_total_count, 191,             0

RESTEER_BTB_MISS_CF_ICO_count, 191,             0
RESTEER_BTB_MISS_CF_ICO_total_count, 191,             0

RESTEER_BTB_MISS_CF_RET_count, 191,             0
RESTEER_BTB_MISS_CF_RET_total_count, 191,             0

RESTEER_RECOVER_AT_EXEC_NOT_CF_count, 191,             0
RESTEER_RECOVER_AT_EXEC_NOT_CF_total_count, 191,             0

RESTEER_RECOVER_AT_EXEC_CF_BR_count, 191,             0
RESTEER_RECOVER_AT_EXEC_CF_BR_total_count, 191,             0

RESTEER_RECOVER_AT_EXEC_CF_CBR_count, 191,          9067
RESTEER_RECOVER_AT_EXEC_CF_CBR_total_count, 191,          9067

RESTEER_RECOVER_AT_EXEC_CF_REP_count, 191,             0
RESTEER_RECOVER_AT_EXEC_CF_REP_total_count, 191,             0

RESTEER_RECOVER_AT_EXEC_CF_CALL_count, 191,             0
RESTEER_RECOVER_AT_EXEC_CF_CALL_total_count, 191,             0

RESTEER_RECOVER_AT_EXEC_CF_IBR_count, 191,        143925
RESTEER_RECOVER_AT_EXEC_CF_IBR_total_count, 191,        143925

RESTEER_RECOVER_AT_EXEC_CF_ICALL_count, 191,         17219
RESTEER_RECOVER_AT_EXEC_CF_ICALL_total_count, 191,         17219

RESTEER_RECOVER_AT_EXEC_CF_ICO_count, 191,             0
RESTEER_RECOVER_AT_EXEC_CF_ICO_total_count, 191,             0

RESTEER_RECOVER_AT_EXEC_CF_RET_count, 191,         18492
RESTEER_RECOVER_AT_EXEC_CF_RET_total_count, 191,         18492

RESTEER_RECOVER_AT_DECODE_NOT_CF_count, 191,             0
RESTEER_RECOVER_AT_DECODE_NOT_CF_total_count, 191,             0

RESTEER_RECOVER_AT_DECODE_CF_BR_count, 191,             0
RESTEER_RECOVER_AT_DECODE_CF_BR_total_count, 191,             0

RESTEER_RECOVER_AT_DECODE_CF_CBR_count, 191,             0
RESTEER_RECOVER_AT_DECODE_CF_CBR_total_count, 191,             0

RESTEER_RECOVER_AT_DECODE_CF_REP_count, 191,             0
RESTEER_RECOVER_AT_DECODE_CF_REP_total_count, 191,             0

RESTEER_RECOVER_AT_DECODE_CF_CALL_count, 191,             0
RESTEER_RECOVER_AT_DECODE_CF_CALL_total_count, 191,             0

RESTEER_RECOVER_AT_DECODE_CF_IBR_count, 191,             0
RESTEER_RECOVER_AT_DECODE_CF_IBR_total_count, 191,             0

RESTEER_RECOVER_AT_DECODE_CF_ICALL_count, 191,             0
RESTEER_RECOVER_AT_DECODE_CF_ICALL_total_count, 191,             0

RESTEER_RECOVER_AT_DECODE_CF_ICO_count, 191,             0
RESTEER_RECOVER_AT_DECODE_CF_ICO_total_count, 191,             0

RESTEER_RECOVER_AT_DECODE_CF_RET_count, 191,             0
RESTEER_RECOVER_AT_DECODE_CF_RET_total_count, 191,             0

RESTEER_NO_TARGET_CF_IBR_count, 191,             0
RESTEER_NO_TARGET_CF_IBR_total_count, 191,             0

RESTEER_NO_TARGET_CF_ICALL_count, 191,             0
RESTEER_NO_TARGET_CF_ICALL_total_count, 191,             0

RESTEER_NO_TARGET_CF_ICO_count, 191,             0
RESTEER_NO_TARGET_CF_ICO_total_count, 191,             0

RESTEER_NO_TARGET_CF_RET_count, 191,             0
RESTEER_NO_TARGET_CF_RET_total_count, 191,             0

TAGESCL_COMP_TAGE_BASE_CORRECT_count, 192,       7079493
TAGESCL_COMP_TAGE_BASE_CORRECT_total_count, 192,       7079493

TAGESCL_COMP_TAGE_BASE_RECOVER_AT_EXEC_count, 192,           974
TAGESCL_COMP_TAGE_BASE_RECOVER_AT_EXEC_total_count, 192,           974

TAGESCL_COMP_TAGE_SHORT_CORRECT_count, 192,       1651387
TAGESCL_COMP_TAGE_SHORT_CORRECT_total_count, 192,       1651387

TAGESCL_COMP_TAGE_SHORT_RECOVER_AT_EXEC_count, 192,          1752
TAGESCL_COMP_TAGE_SHORT_RECOVER_AT_EXEC_total_count, 192,          1752

TAGESCL_COMP_TAGE_LONG_CORRECT_count, 192,        569263
TAGESCL_COMP_TAGE_LONG_CORRECT_total_count, 192,        569263

TAGESCL_COMP_TAGE_LONG_RECOVER_AT_EXEC_count, 192,          4999
TAGESCL_COMP_TAGE_LONG_RECOVER_AT_EXEC_total_count, 192,          4999

TAGESCL_COMP_LOOP_CORRECT_count, 192,             0
TAGESCL_COMP_LOOP_CORRECT_total_count, 192,             0

TAGESCL_COMP_LOOP_RECOVER_AT_EXEC_count, 192,             0
TAGESCL_COMP_LOOP_RECOVER_AT_EXEC_total_count, 192,             0

TAGESCL_COMP_SC_CORRECT_count, 192,          3579
TAGESCL_COMP_SC_CORRECT_total_count, 192,          3579

TAGESCL_COMP_SC_RECOVER_AT_EXEC_count, 192,          1342
TAGESCL_COMP_SC_RECOVER_AT_EXEC_total_count, 192,          1342

TAGESCL_COMP_BTB_MISS_TAGE_BASE_CORRECT_count, 193,       6535819
TAGESCL_COMP_BTB_MISS_TAGE_BASE_CORRECT_total_count, 193,       6535819

TAGESCL_COMP_BTB_MISS_TAGE_BASE_RECOVER_AT_EXEC_count, 193,           550
TAGESCL_COMP_BTB_MISS_TAGE_BASE_RECOVER_AT_EXEC_total_count, 193,           550

TAGESCL_COMP_BTB_MISS_TAGE_SHORT_CORRECT_count, 193,        162285
TAGESCL_COMP_BTB_MISS_TAGE_SHORT_CORRECT_total_count, 193,        162285

TAGESCL_COMP_BTB_MISS_TAGE_SHORT_RECOVER_AT_EXEC_count, 193,            71
TAGESCL_COMP_BTB_MISS_TAGE_SHORT_RECOVER_AT_EXEC_total_count, 193,            71

TAGESCL_COMP_BTB_MISS_TAGE_LONG_CORRECT_count, 193,         59385
TAGESCL_COMP_BTB_MISS_TAGE_LONG_CORRECT_total_count, 193,         59385

TAGESCL_COMP_BTB_MISS_TAGE_LONG_RECOVER_AT_EXEC_count, 193,            76
TAGESCL_COMP_BTB_MISS_TAGE_LONG_RECOVER_AT_EXEC_total_count, 193,            76

TAGESCL_COMP_BTB_MISS_LOOP_CORRECT_count, 193,             0
TAGESCL_COMP_BTB_MISS_LOOP_CORRECT_total_count, 193,             0

TAGESCL_COMP_BTB_MISS_LOOP_RECOVER_AT_EXEC_count, 193,             0
TAGESCL_COMP_BTB_MISS_LOOP_RECOVER_AT_EXEC_total_count, 193,             0

TAGESCL_COMP_BTB_MISS_SC_CORRECT_count, 193,            63
TAGESCL_COMP_BTB_MISS_SC_CORRECT_total_count, 193,            63

TAGESCL_COMP_BTB_MISS_SC_RECOVER_AT_EXEC_count, 193,             6
TAGESCL_COMP_BTB_MISS_SC_RECOVER_AT_EXEC_total_count, 193,             6

TAGESCL_CONF_0_PER_BASE_RECOVER_AT_EXEC_count, 194,             0
TAGESCL_CONF_0_PER_BASE_RECOVER_AT_EXEC_total_count, 194,             0

TAGESCL_CONF_1_PER_BASE_RECOVER_AT_EXEC_count, 194,           517
TAGESCL_CONF_1_PER_BASE_RECOVER_AT_EXEC_total_count, 194,           517

TAGESCL_CONF_2_PER_BASE_RECOVER_AT_EXEC_count, 194,             0
TAGESCL_CONF_2_PER_BASE_RECOVER_AT_EXEC_total_count, 194,             0

TAGESCL_CONF_3_PER_BASE_RECOVER_AT_EXEC_count, 194,           457
TAGESCL_CONF_3_PER_BASE_RECOVER_AT_EXEC_total_count, 194,           457

TAGESCL_CONF_0_PER_SHORT_RECOVER_AT_EXEC_count, 194,           251
TAGESCL_CONF_0_PER_SHORT_RECOVER_AT_EXEC_total_count, 194,           251

TAGESCL_CONF_1_PER_SHORT_RECOVER_AT_EXEC_count, 194,           716
TAGESCL_CONF_1_PER_SHORT_RECOVER_AT_EXEC_total_count, 194,           716

TAGESCL_CONF_2_PER_SHORT_RECOVER_AT_EXEC_count, 194,           180
TAGESCL_CONF_2_PER_SHORT_RECOVER_AT_EXEC_total_count, 194,           180

TAGESCL_CONF_3_PER_SHORT_RECOVER_AT_EXEC_count, 194,           605
TAGESCL_CONF_3_PER_SHORT_RECOVER_AT_EXEC_total_count, 194,           605

TAGESCL_CONF_0_PER_LONG_RECOVER_AT_EXEC_count, 194,           759
TAGESCL_CONF_0_PER_LONG_RECOVER_AT_EXEC_total_count, 194,           759

TAGESCL_CONF_1_PER_LONG_RECOVER_AT_EXEC_count, 194,          1360
TAGESCL_CONF_1_PER_LONG_RECOVER_AT_EXEC_total_count, 194,          1360

TAGESCL_CONF_2_PER_LONG_RECOVER_AT_EXEC_count, 194,           765
TAGESCL_CONF_2_PER_LONG_RECOVER_AT_EXEC_total_count, 194,           765

TAGESCL_CONF_3_PER_LONG_RECOVER_AT_EXEC_count, 194,          2115
TAGESCL_CONF_3_PER_LONG_RECOVER_AT_EXEC_total_count, 194,          2115

TAGESCL_CONF_0_PER_LOOP_RECOVER_AT_EXEC_count, 194,             0
TAGESCL_CONF_0_PER_LOOP_RECOVER_AT_EXEC_total_count, 194,             0

TAGESCL_CONF_1_PER_LOOP_RECOVER_AT_EXEC_count, 194,             0
TAGESCL_CONF_1_PER_LOOP_RECOVER_AT_EXEC_total_count, 194,             0

TAGESCL_CONF_2_PER_LOOP_RECOVER_AT_EXEC_count, 194,             0
TAGESCL_CONF_2_PER_LOOP_RECOVER_AT_EXEC_total_count, 194,             0

TAGESCL_CONF_3_PER_LOOP_RECOVER_AT_EXEC_count, 194,             0
TAGESCL_CONF_3_PER_LOOP_RECOVER_AT_EXEC_total_count, 194,             0

TAGESCL_CONF_0_PER_SC_RECOVER_AT_EXEC_count, 194,           339
TAGESCL_CONF_0_PER_SC_RECOVER_AT_EXEC_total_count, 194,           339

TAGESCL_CONF_1_PER_SC_RECOVER_AT_EXEC_count, 194,           757
TAGESCL_CONF_1_PER_SC_RECOVER_AT_EXEC_total_count, 194,           757

TAGESCL_CONF_2_PER_SC_RECOVER_AT_EXEC_count, 194,           190
TAGESCL_CONF_2_PER_SC_RECOVER_AT_EXEC_total_count, 194,           190

TAGESCL_CONF_3_PER_SC_RECOVER_AT_EXEC_count, 194,            56
TAGESCL_CONF_3_PER_SC_RECOVER_AT_EXEC_total_count, 194,            56

TAGESCL_SC_SMALLLSUM_count, 195,          4063
TAGESCL_SC_SMALLLSUM_total_count, 195,          4063

TAGESCL_SC_SMALLLFIRST_count, 195,            78
TAGESCL_SC_SMALLLFIRST_total_count, 195,            78

TAGESCL_SC_SMALLLSECOND_count, 195,            13
TAGESCL_SC_SMALLLSECOND_total_count, 195,            13

TAGESCL_SC_IDENTICAL_count, 195,       9307646
TAGESCL_SC_IDENTICAL_total_count, 195,       9307646

CRS_UNDERFLOW_ON_PATH_count, 196,            56
CRS_UNDERFLOW_ON_PATH_total_count, 196,            56

CRS_UNDERFLOW_OFF_PATH_count, 196,         24096
CRS_UNDERFLOW_OFF_PATH_total_count, 196,         24096



