Core, 0, 0
Cumulative_Cycles, 0, 14764453            
Cumulative_Instructions, 0, 30000000            
Periodic_Cycles, 0, 4901660             
Periodic_Instructions, 0, 10000000            
L2WAY_FILL_L1_count, 0,             0
L2WAY_FILL_L1_total_count, 0,             0

L2WAY_WAY_HIT_count, 462,             0
L2WAY_WAY_HIT_total_count, 462,             0

L2WAY_WAY_MISS_count, 462,             0
L2WAY_WAY_MISS_total_count, 462,             0

L2WAY_PREF_REQ_count, 0,             0
L2WAY_PREF_REQ_total_count, 0,             0

L2WAY_PREF_HIT_DATA_IN_CACHE_count, 463,             0
L2WAY_PREF_HIT_DATA_IN_CACHE_total_count, 463,             0

L2WAY_PREF_HIT_DATA_REQ_count, 463,             0
L2WAY_PREF_HIT_DATA_REQ_total_count, 463,             0

L2WAY_TRAIN_HIT_count, 464,             0
L2WAY_TRAIN_HIT_total_count, 464,             0

L2WAY_TRAIN_MISS_count, 464,             0
L2WAY_TRAIN_MISS_total_count, 464,             0

L1_HIT_REQ_TYPE_IFETCH_count, 465,             0
L1_HIT_REQ_TYPE_IFETCH_total_count, 465,             0

L1_HIT_REQ_TYPE_DFETCH_count, 465,             0
L1_HIT_REQ_TYPE_DFETCH_total_count, 465,             0

L1_HIT_REQ_TYPE_DSTORE_count, 465,             0
L1_HIT_REQ_TYPE_DSTORE_total_count, 465,             0

L1_HIT_REQ_TYPE_IPRF_count, 465,             0
L1_HIT_REQ_TYPE_IPRF_total_count, 465,             0

L1_HIT_REQ_TYPE_DPRF_count, 465,             0
L1_HIT_REQ_TYPE_DPRF_total_count, 465,             0

L1_HIT_REQ_TYPE_WB_count, 465,             0
L1_HIT_REQ_TYPE_WB_total_count, 465,             0

L2_ACCESS_INTERVAL__0_count, 466,             0
L2_ACCESS_INTERVAL__0_total_count, 466,             0

L2_ACCESS_INTERVAL__1_count, 466,             0
L2_ACCESS_INTERVAL__1_total_count, 466,             0

L2_ACCESS_INTERVAL__2_count, 466,             0
L2_ACCESS_INTERVAL__2_total_count, 466,             0

L2_ACCESS_INTERVAL__3_count, 466,             0
L2_ACCESS_INTERVAL__3_total_count, 466,             0

L2_ACCESS_INTERVAL__4_count, 466,             0
L2_ACCESS_INTERVAL__4_total_count, 466,             0

L2_ACCESS_INTERVAL__5_count, 466,             0
L2_ACCESS_INTERVAL__5_total_count, 466,             0

L2_ACCESS_INTERVAL__6_count, 466,             0
L2_ACCESS_INTERVAL__6_total_count, 466,             0

L2_ACCESS_INTERVAL__7_count, 466,             0
L2_ACCESS_INTERVAL__7_total_count, 466,             0

L2_ACCESS_INTERVAL__8_count, 466,             0
L2_ACCESS_INTERVAL__8_total_count, 466,             0

L2WAY_L1INSERT_PORT_FULL_count, 467,             0
L2WAY_L1INSERT_PORT_FULL_total_count, 467,             0

L2WAY_L1INSERT_PORT_READY_count, 467,             0
L2WAY_L1INSERT_PORT_READY_total_count, 467,             0

L2MARKV_NEXT_ADDR_HIT_count, 468,             0
L2MARKV_NEXT_ADDR_HIT_total_count, 468,             0

L2MARKV_NEXT_ADDR_MISS_count, 468,             0
L2MARKV_NEXT_ADDR_MISS_total_count, 468,             0

L2MARKV_LAST_ADDR_HIT_count, 469,             0
L2MARKV_LAST_ADDR_HIT_total_count, 469,             0

L2MARKV_LAST_ADDR_MISS_count, 469,             0
L2MARKV_LAST_ADDR_MISS_total_count, 469,             0

MARKV_L2_TIME_DIFF__0_count, 470,             0
MARKV_L2_TIME_DIFF__0_total_count, 470,             0

MARKV_L2_TIME_DIFF__1_count, 470,             0
MARKV_L2_TIME_DIFF__1_total_count, 470,             0

MARKV_L2_TIME_DIFF__2_count, 470,             0
MARKV_L2_TIME_DIFF__2_total_count, 470,             0

MARKV_L2_TIME_DIFF__3_count, 470,             0
MARKV_L2_TIME_DIFF__3_total_count, 470,             0

MARKV_L2_TIME_DIFF__4_count, 470,             0
MARKV_L2_TIME_DIFF__4_total_count, 470,             0

MARKV_L2_TIME_DIFF__5_count, 470,             0
MARKV_L2_TIME_DIFF__5_total_count, 470,             0

MARKV_L2_TIME_DIFF__6_count, 470,             0
MARKV_L2_TIME_DIFF__6_total_count, 470,             0

MARKV_L2_TIME_DIFF__7_count, 470,             0
MARKV_L2_TIME_DIFF__7_total_count, 470,             0

MARKV_L2_TIME_DIFF__8_count, 470,             0
MARKV_L2_TIME_DIFF__8_total_count, 470,             0

L2MARKV_PREF_REQ_count, 0,             0
L2MARKV_PREF_REQ_total_count, 0,             0

L2MARKV_PREF_TRAIN_count, 0,             0
L2MARKV_PREF_TRAIN_total_count, 0,             0

L2MARKV_PREF_HIT_DATA_REQ_count, 471,             0
L2MARKV_PREF_HIT_DATA_REQ_total_count, 471,             0

L2MARKV_PREF_HIT_DATA_IN_CACHE_count, 471,             0
L2MARKV_PREF_HIT_DATA_IN_CACHE_total_count, 471,             0

L2MARKV_PREF_MISS_count, 471,             0
L2MARKV_PREF_MISS_total_count, 471,             0

L2MARKV_L1INSERT_PORT_READY_count, 472,             0
L2MARKV_L1INSERT_PORT_READY_total_count, 472,             0

L2MARKV_L1INSERT_PORT_FULL_count, 472,             0
L2MARKV_L1INSERT_PORT_FULL_total_count, 472,             0

L2NEXT_PREF_REQ_count, 0,             0
L2NEXT_PREF_REQ_total_count, 0,             0

L2NEXT_PREF_HIT_DATA_REQ_count, 473,             0
L2NEXT_PREF_HIT_DATA_REQ_total_count, 473,             0

L2NEXT_PREF_HIT_DATA_IN_CACHE_count, 473,             0
L2NEXT_PREF_HIT_DATA_IN_CACHE_total_count, 473,             0

L2NEXT_PREF_MISS_count, 473,             0
L2NEXT_PREF_MISS_total_count, 473,             0

L2NEXT_L1INSERT_PORT_READY_count, 474,             0
L2NEXT_L1INSERT_PORT_READY_total_count, 474,             0

L2NEXT_L1INSERT_PORT_FULL_count, 474,             0
L2NEXT_L1INSERT_PORT_FULL_total_count, 474,             0

DCACHE_PREF_NOT_RDY_count, 475,             0
DCACHE_PREF_NOT_RDY_total_count, 475,             0

DCACHE_PREF_FETCH_10_count, 475,             0
DCACHE_PREF_FETCH_10_total_count, 475,             0

DCACHE_PREF_FETCH_100_count, 475,             0
DCACHE_PREF_FETCH_100_total_count, 475,             0

DCACHE_PREF_FETCH_1000_count, 475,             0
DCACHE_PREF_FETCH_1000_total_count, 475,             0

DCACHE_PREF_FETCH_10000_count, 475,             0
DCACHE_PREF_FETCH_10000_total_count, 475,             0

DCACHE_PREF_FETCH_100000_count, 475,             0
DCACHE_PREF_FETCH_100000_total_count, 475,             0

DCACHE_PREF_FETCH_1000000_count, 475,             0
DCACHE_PREF_FETCH_1000000_total_count, 475,             0

DCACHE_PREF_FETCH_10000000_count, 475,             0
DCACHE_PREF_FETCH_10000000_total_count, 475,             0

DCACHE_PREF_FETCH_100000000_count, 475,             0
DCACHE_PREF_FETCH_100000000_total_count, 475,             0

DCACHE_PREF_FETCH_MORE_count, 475,             0
DCACHE_PREF_FETCH_MORE_total_count, 475,             0

L2HIT_SAME_IP_DELTA__0_count, 476,             0
L2HIT_SAME_IP_DELTA__0_total_count, 476,             0

L2HIT_SAME_IP_DELTA__1_count, 476,             0
L2HIT_SAME_IP_DELTA__1_total_count, 476,             0

L2HIT_SAME_IP_DELTA__2_count, 476,             0
L2HIT_SAME_IP_DELTA__2_total_count, 476,             0

L2HIT_SAME_IP_DELTA__3_count, 476,             0
L2HIT_SAME_IP_DELTA__3_total_count, 476,             0

L2HIT_SAME_IP_DELTA__4_count, 476,             0
L2HIT_SAME_IP_DELTA__4_total_count, 476,             0

L2HIT_SAME_IP_DELTA__5_count, 476,             0
L2HIT_SAME_IP_DELTA__5_total_count, 476,             0

L2HIT_SAME_IP_DELTA__6_count, 476,             0
L2HIT_SAME_IP_DELTA__6_total_count, 476,             0

L2HIT_SAME_IP_DELTA__7_count, 476,             0
L2HIT_SAME_IP_DELTA__7_total_count, 476,             0

L2HIT_SAME_IP_DELTA__8_count, 476,             0
L2HIT_SAME_IP_DELTA__8_total_count, 476,             0

L2HIT_IP_HIT_COUNT__1_count, 477,             0
L2HIT_IP_HIT_COUNT__1_total_count, 477,             0

L2HIT_IP_HIT_COUNT__2_count, 477,             0
L2HIT_IP_HIT_COUNT__2_total_count, 477,             0

L2HIT_IP_HIT_COUNT__3_count, 477,             0
L2HIT_IP_HIT_COUNT__3_total_count, 477,             0

L2HIT_IP_HIT_COUNT__4_count, 477,             0
L2HIT_IP_HIT_COUNT__4_total_count, 477,             0

L2HIT_IP_HIT_COUNT__5_count, 477,             0
L2HIT_IP_HIT_COUNT__5_total_count, 477,             0

L2HIT_IP_HIT_COUNT__6_count, 477,             0
L2HIT_IP_HIT_COUNT__6_total_count, 477,             0

L2HIT_IP_HIT_COUNT__7_count, 477,             0
L2HIT_IP_HIT_COUNT__7_total_count, 477,             0

L2HIT_IP_HIT_COUNT__8_count, 477,             0
L2HIT_IP_HIT_COUNT__8_total_count, 477,             0

L2HIT_IP_HIT_COUNT__9_count, 477,             0
L2HIT_IP_HIT_COUNT__9_total_count, 477,             0



