Core, 0, 0
Cumulative_Cycles, 0, 13470687            
Cumulative_Instructions, 0, 30000000            
Periodic_Cycles, 0, 4318187             
Periodic_Instructions, 0, 9999995             
MISS_WAIT_TIME_count, 0,  233463057568
MISS_WAIT_TIME_total_count, 0,  423414142522

ICACHE_STAGE_MISS_count, 0,         21094
ICACHE_STAGE_MISS_total_count, 0,         61872

ICACHE_CYCLE_count, 0,       4318187
ICACHE_CYCLE_total_count, 0,      13470687

TCACHE_CYCLE_count, 0,             0
TCACHE_CYCLE_total_count, 0,             0

ICACHE_SERVING_CYCLE_ON_PATH_count, 0,       1613474
ICACHE_SERVING_CYCLE_ON_PATH_total_count, 0,       4622003

ICACHE_SERVING_CYCLE_OFF_PATH_count, 0,        417444
ICACHE_SERVING_CYCLE_OFF_PATH_total_count, 0,       1138395

UCACHE_SERVING_CYCLE_ON_PATH_count, 0,       1401439
UCACHE_SERVING_CYCLE_ON_PATH_total_count, 0,       4753732

UCACHE_SERVING_CYCLE_OFF_PATH_count, 0,        592698
UCACHE_SERVING_CYCLE_OFF_PATH_total_count, 0,       1964331

ICACHE_CYCLE_ONPATH_count, 1,       3266654
ICACHE_CYCLE_ONPATH_total_count, 1,      10204632

ICACHE_CYCLE_OFFPATH_count, 1,       1051533
ICACHE_CYCLE_OFFPATH_total_count, 1,       3266055

FETCH_ON_PATH_count, 2,       3296437
FETCH_ON_PATH_total_count, 2,      10318845

FETCH_OFF_PATH_count, 2,       1021750
FETCH_OFF_PATH_total_count, 2,       3151842

FETCHED_OPS_ON_PATH_count, 3,             0
FETCHED_OPS_ON_PATH_total_count, 3,             0

FETCHED_OPS_OFF_PATH_count, 3,             0
FETCHED_OPS_OFF_PATH_total_count, 3,             0

INST_LOST_FETCH_count, 4,      11376573
INST_LOST_FETCH_total_count, 4,      34131282

INST_LOST_OFF_PATH_count, 4,       4344258
INST_LOST_OFF_PATH_total_count, 4,      12818157

INST_LOST_FULL_WINDOW_count, 4,        797686
INST_LOST_FULL_WINDOW_total_count, 4,       2540958

INST_LOST_ROB_STALL_OTHER_count, 4,       6789126
INST_LOST_ROB_STALL_OTHER_total_count, 4,      21497770

INST_LOST_ROB_STALL_WAIT_FOR_RECOVERY_count, 4,             0
INST_LOST_ROB_STALL_WAIT_FOR_RECOVERY_total_count, 4,             0

INST_LOST_ROB_STALL_WAIT_FOR_REDIRECT_count, 4,             0
INST_LOST_ROB_STALL_WAIT_FOR_REDIRECT_total_count, 4,             0

INST_LOST_ROB_STALL_WAIT_FOR_GAP_FILL_count, 4,             0
INST_LOST_ROB_STALL_WAIT_FOR_GAP_FILL_total_count, 4,             0

INST_LOST_ROB_STALL_WAIT_FOR_L1_MISS_count, 4,             0
INST_LOST_ROB_STALL_WAIT_FOR_L1_MISS_total_count, 4,             0

INST_LOST_ROB_STALL_WAIT_FOR_MEMORY_count, 4,             0
INST_LOST_ROB_STALL_WAIT_FOR_MEMORY_total_count, 4,         14528

INST_LOST_ROB_STALL_WAIT_FOR_DC_MISS_count, 4,         66308
INST_LOST_ROB_STALL_WAIT_FOR_DC_MISS_total_count, 4,       1835394

INST_LOST_ROB_BLOCK_ISSUE_FULL_count, 4,             0
INST_LOST_ROB_BLOCK_ISSUE_FULL_total_count, 4,             0

INST_LOST_ROB_BLOCK_ISSUE_GAP_TOO_LARGE_count, 4,             0
INST_LOST_ROB_BLOCK_ISSUE_GAP_TOO_LARGE_total_count, 4,             0

INST_LOST_BREAK_DONT_count, 4,             0
INST_LOST_BREAK_DONT_total_count, 4,             0

INST_LOST_BREAK_FT_UNAVAILABLE_count, 4,        751777
INST_LOST_BREAK_FT_UNAVAILABLE_total_count, 4,       2387226

INST_LOST_BREAK_ICACHE_STAGE_RESTEER_count, 4,         31568
INST_LOST_BREAK_ICACHE_STAGE_RESTEER_total_count, 4,         93347

INST_LOST_BREAK_ICACHE_MISS_REQ_SUCCESS_count, 4,         94746
INST_LOST_BREAK_ICACHE_MISS_REQ_SUCCESS_total_count, 4,        280071

INST_LOST_BREAK_ICACHE_MISS_REQ_FAILURE_count, 4,           571
INST_LOST_BREAK_ICACHE_MISS_REQ_FAILURE_total_count, 4,          5905

INST_LOST_BREAK_ICACHE_WAIT_FOR_MISS_count, 4,        921036
INST_LOST_BREAK_ICACHE_WAIT_FOR_MISS_total_count, 4,       3303340

INST_LOST_BREAK_ICACHE_STALLED_count, 4,        424734
INST_LOST_BREAK_ICACHE_STALLED_total_count, 4,       1119571

INST_LOST_BREAK_ICACHE_TO_UOP_CACHE_SWITCH_count, 4,        421637
INST_LOST_BREAK_ICACHE_TO_UOP_CACHE_SWITCH_total_count, 4,       1173621

INST_LOST_BREAK_ICACHE_READ_LIMIT_count, 4,        405268
INST_LOST_BREAK_ICACHE_READ_LIMIT_total_count, 4,       1237397

INST_LOST_BREAK_ICACHE_ISSUE_WIDTH_count, 4,             0
INST_LOST_BREAK_ICACHE_ISSUE_WIDTH_total_count, 4,             0

INST_LOST_BREAK_UOP_CACHE_STALLED_count, 4,        730650
INST_LOST_BREAK_UOP_CACHE_STALLED_total_count, 4,       2607819

INST_LOST_BREAK_UOP_CACHE_TO_ICACHE_SWITCH_count, 4,        559483
INST_LOST_BREAK_UOP_CACHE_TO_ICACHE_SWITCH_total_count, 4,       1578704

INST_LOST_BREAK_UOP_CACHE_READ_LIMIT_count, 4,       1015062
INST_LOST_BREAK_UOP_CACHE_READ_LIMIT_total_count, 4,       3399094

INST_LOST_BREAK_UOP_CACHE_ISSUE_WIDTH_count, 4,             0
INST_LOST_BREAK_UOP_CACHE_ISSUE_WIDTH_total_count, 4,             0

INST_LOST_TOTAL_count, 0,      29905050
INST_LOST_TOTAL_total_count, 0,      94353346

INST_LOST_WAIT_FOR_ICACHE_MISS_NOT_PREFETCHED_count, 5,           306
INST_LOST_WAIT_FOR_ICACHE_MISS_NOT_PREFETCHED_total_count, 5,        135588

INST_LOST_WAIT_FOR_ICACHE_MISS_PREFETCHED_AND_EVICTED_BY_IFETCH_count, 5,             0
INST_LOST_WAIT_FOR_ICACHE_MISS_PREFETCHED_AND_EVICTED_BY_IFETCH_total_count, 5,             0

INST_LOST_WAIT_FOR_ICACHE_MISS_PREFETCHED_AND_EVICTED_BY_FDIP_count, 5,             0
INST_LOST_WAIT_FOR_ICACHE_MISS_PREFETCHED_AND_EVICTED_BY_FDIP_total_count, 5,             0

INST_LOST_WAIT_FOR_ICACHE_MISS_MSHR_HIT_PREF_OFFPATH_count, 5,          2970
INST_LOST_WAIT_FOR_ICACHE_MISS_MSHR_HIT_PREF_OFFPATH_total_count, 5,         22290

INST_LOST_WAIT_FOR_ICACHE_MISS_MSHR_HIT_PREF_ONPATH_count, 5,        850938
INST_LOST_WAIT_FOR_ICACHE_MISS_MSHR_HIT_PREF_ONPATH_total_count, 5,       2864592

FETCH_0_OPS_count, 6,        286719
FETCH_0_OPS_total_count, 6,        972330

FETCH_1_OPS_count, 6,        145610
FETCH_1_OPS_total_count, 6,        415487

FETCH_2_OPS_count, 6,        138965
FETCH_2_OPS_total_count, 6,        415446

FETCH_3_OPS_count, 6,        203605
FETCH_3_OPS_total_count, 6,        620385

FETCH_4_OPS_count, 6,        227269
FETCH_4_OPS_total_count, 6,        712321

FETCH_5_OPS_count, 6,        169739
FETCH_5_OPS_total_count, 6,        574997

FETCH_6_OPS_count, 6,       1644614
FETCH_6_OPS_total_count, 6,       4648791

FETCH_7_OPS_count, 6,        124620
FETCH_7_OPS_total_count, 6,        444738

FETCH_8_OPS_count, 6,       1377046
FETCH_8_OPS_total_count, 6,       4666192

FETCH_9_OPS_count, 6,             0
FETCH_9_OPS_total_count, 6,             0

FETCH_10_OPS_count, 6,             0
FETCH_10_OPS_total_count, 6,             0

FETCH_11_OPS_count, 6,             0
FETCH_11_OPS_total_count, 6,             0

FETCH_12_OPS_count, 6,             0
FETCH_12_OPS_total_count, 6,             0

FETCH_13_OPS_count, 6,             0
FETCH_13_OPS_total_count, 6,             0

FETCH_14_OPS_count, 6,             0
FETCH_14_OPS_total_count, 6,             0

FETCH_15_OPS_count, 6,             0
FETCH_15_OPS_total_count, 6,             0

FETCH_16_OPS_count, 6,             0
FETCH_16_OPS_total_count, 6,             0

ST_BREAK_DONT_count, 7,             0
ST_BREAK_DONT_total_count, 7,             0

ST_BREAK_FT_UNAVAILABLE_count, 7,        128997
ST_BREAK_FT_UNAVAILABLE_total_count, 7,        410072

ST_BREAK_ICACHE_STAGE_RESTEER_count, 7,          7988
ST_BREAK_ICACHE_STAGE_RESTEER_total_count, 7,         23705

ST_BREAK_ICACHE_MISS_REQ_SUCCESS_count, 7,         21094
ST_BREAK_ICACHE_MISS_REQ_SUCCESS_total_count, 7,         61872

ST_BREAK_ICACHE_MISS_REQ_FAILURE_count, 7,            96
ST_BREAK_ICACHE_MISS_REQ_FAILURE_total_count, 7,          1003

ST_BREAK_ICACHE_WAIT_FOR_MISS_count, 7,        153567
ST_BREAK_ICACHE_WAIT_FOR_MISS_total_count, 7,        550742

ST_BREAK_ICACHE_STALLED_count, 7,        696344
ST_BREAK_ICACHE_STALLED_total_count, 7,       1962944

ST_BREAK_ICACHE_TO_UOP_CACHE_SWITCH_count, 7,        139312
ST_BREAK_ICACHE_TO_UOP_CACHE_SWITCH_total_count, 7,        388748

ST_BREAK_ICACHE_READ_LIMIT_count, 7,        157122
ST_BREAK_ICACHE_READ_LIMIT_total_count, 7,        471760

ST_BREAK_ICACHE_ISSUE_WIDTH_count, 7,       1023189
ST_BREAK_ICACHE_ISSUE_WIDTH_total_count, 7,       2859265

ST_BREAK_UOP_CACHE_STALLED_count, 7,        722002
ST_BREAK_UOP_CACHE_STALLED_total_count, 7,       2759209

ST_BREAK_UOP_CACHE_TO_ICACHE_SWITCH_count, 7,        128119
ST_BREAK_UOP_CACHE_TO_ICACHE_SWITCH_total_count, 7,        359089

ST_BREAK_UOP_CACHE_READ_LIMIT_count, 7,        289464
ST_BREAK_UOP_CACHE_READ_LIMIT_total_count, 7,        968493

ST_BREAK_UOP_CACHE_ISSUE_WIDTH_count, 7,        850893
ST_BREAK_UOP_CACHE_ISSUE_WIDTH_total_count, 7,       2653785

ORACLE_ON_PATH_INST_count, 8,      11376573
ORACLE_ON_PATH_INST_total_count, 8,      34131282

ORACLE_OFF_PATH_INST_count, 8,       4344258
ORACLE_OFF_PATH_INST_total_count, 8,      12818157

ORACLE_ON_PATH_INST_MEM_count, 9,       4487580
ORACLE_ON_PATH_INST_MEM_total_count, 9,      13373604

ORACLE_ON_PATH_INST_NOTMEM_count, 9,       6888993
ORACLE_ON_PATH_INST_NOTMEM_total_count, 9,      20757678

ORACLE_OFF_PATH_INST_MEM_count, 9,       1653880
ORACLE_OFF_PATH_INST_MEM_total_count, 9,       4801391

ORACLE_OFF_PATH_INST_NOTMEM_count, 9,       2690378
ORACLE_OFF_PATH_INST_NOTMEM_total_count, 9,       8016766

ICACHE_CYCLE_NONRA_ONPATH_count, 10,             0
ICACHE_CYCLE_NONRA_ONPATH_total_count, 10,             0

ICACHE_CYCLE_NONRA_OFFPATH_count, 10,             0
ICACHE_CYCLE_NONRA_OFFPATH_total_count, 10,             0

ICACHE_CYCLE_RA_ONPATH_count, 10,             0
ICACHE_CYCLE_RA_ONPATH_total_count, 10,             0

ICACHE_CYCLE_RA_OFFPATH_count, 10,             0
ICACHE_CYCLE_RA_OFFPATH_total_count, 10,             0

ICACHE_CYCLE_ONPATH_NONRA_count, 11,             0
ICACHE_CYCLE_ONPATH_NONRA_total_count, 11,             0

ICACHE_CYCLE_OFFPATH_NONRA_count, 11,             0
ICACHE_CYCLE_OFFPATH_NONRA_total_count, 11,             0

ICACHE_CYCLE_ONPATH_RA_count, 12,             0
ICACHE_CYCLE_ONPATH_RA_total_count, 12,             0

ICACHE_CYCLE_OFFPATH_RA_count, 12,             0
ICACHE_CYCLE_OFFPATH_RA_total_count, 12,             0

INACCURATE_OFFPATH_CYCLES_count, 0,             0
INACCURATE_OFFPATH_CYCLES_pct, 0,        0.000
INACCURATE_OFFPATH_CYCLES_total_count, 0,             0
INACCURATE_OFFPATH_CYCLES_total_pct, 0,        0.000

FETCH_ALL_INST_count, 0,      15720831
FETCH_ALL_INST_total_count, 0,      46949439

EXEC_ALL_INST_count, 0,      12270931
EXEC_ALL_INST_total_count, 0,      36640233

RET_ALL_INST_count, 0,      11376997
RET_ALL_INST_total_count, 0,      34131282

EXEC_ON_PATH_INST_count, 13,      11376838
EXEC_ON_PATH_INST_total_count, 13,      34131282

EXEC_OFF_PATH_INST_count, 13,        894093
EXEC_OFF_PATH_INST_total_count, 13,       2508951

EXEC_ON_PATH_INST_MEM_count, 14,       4487709
EXEC_ON_PATH_INST_MEM_total_count, 14,      13373604

EXEC_ON_PATH_INST_NOTMEM_count, 14,       6889129
EXEC_ON_PATH_INST_NOTMEM_total_count, 14,      20757678

EXEC_OFF_PATH_INST_MEM_count, 14,        293033
EXEC_OFF_PATH_INST_MEM_total_count, 14,        807086

EXEC_OFF_PATH_INST_NOTMEM_count, 14,        601060
EXEC_OFF_PATH_INST_NOTMEM_total_count, 14,       1701865

EXEC_RA_INST_count, 15,             0
EXEC_RA_INST_total_count, 15,             0

EXEC_NONRA_INST_count, 15,             0
EXEC_NONRA_INST_total_count, 15,             0

EXEC_ON_PATH_INST_RA_count, 16,             0
EXEC_ON_PATH_INST_RA_total_count, 16,             0

EXEC_OFF_PATH_INST_RA_count, 16,             0
EXEC_OFF_PATH_INST_RA_total_count, 16,             0

EXEC_ON_PATH_INST_NONRA_count, 17,             0
EXEC_ON_PATH_INST_NONRA_total_count, 17,             0

EXEC_OFF_PATH_INST_NONRA_count, 17,             0
EXEC_OFF_PATH_INST_NONRA_total_count, 17,             0

EXEC_RA_ON_PATH_INST_count, 18,             0
EXEC_RA_ON_PATH_INST_total_count, 18,             0

EXEC_RA_OFF_PATH_INST_count, 18,             0
EXEC_RA_OFF_PATH_INST_total_count, 18,             0

EXEC_NONRA_ON_PATH_INST_count, 18,             0
EXEC_NONRA_ON_PATH_INST_total_count, 18,             0

EXEC_NONRA_OFF_PATH_INST_count, 18,             0
EXEC_NONRA_OFF_PATH_INST_total_count, 18,             0

ICACHE_THROTTLE_CYCLE_count, 0,             0
ICACHE_THROTTLE_CYCLE_total_count, 0,             0

FETCH_ENABLE_THROTTLE_OFF_PATH_count, 19,             0
FETCH_ENABLE_THROTTLE_OFF_PATH_total_count, 19,             0

FETCH_ENABLE_THROTTLE_ON_PATH_count, 19,             0
FETCH_ENABLE_THROTTLE_ON_PATH_total_count, 19,             0

FETCH_DISABLE_THROTTLE_OFF_PATH_count, 20,             0
FETCH_DISABLE_THROTTLE_OFF_PATH_total_count, 20,             0

FETCH_DISABLE_THROTTLE_ON_PATH_count, 20,             0
FETCH_DISABLE_THROTTLE_ON_PATH_total_count, 20,             0

FETCH_TH_ADJUST__0_count, 21,             0
FETCH_TH_ADJUST__0_total_count, 21,             0

FETCH_TH_ADJUST__1_count, 21,             0
FETCH_TH_ADJUST__1_total_count, 21,             0

FETCH_TH_ADJUST__2_count, 21,             0
FETCH_TH_ADJUST__2_total_count, 21,             0

FETCH_TH_ADJUST__3_count, 21,             0
FETCH_TH_ADJUST__3_total_count, 21,             0

FETCH_TH_ADJUST__4_count, 21,             0
FETCH_TH_ADJUST__4_total_count, 21,             0

FETCH_TH_ADJUST__5_count, 21,             0
FETCH_TH_ADJUST__5_total_count, 21,             0

FETCH_TH_ADJUST__6_count, 21,             0
FETCH_TH_ADJUST__6_total_count, 21,             0

FETCH_TH_ADJUST__7_count, 21,             0
FETCH_TH_ADJUST__7_total_count, 21,             0

FETCH_TH_ADJUST__8_count, 21,             0
FETCH_TH_ADJUST__8_total_count, 21,             0

FETCH_TH_ADJUST__9_count, 21,             0
FETCH_TH_ADJUST__9_total_count, 21,             0

FETCH_TH_ADJUST__MAX_count, 21,             0
FETCH_TH_ADJUST__MAX_total_count, 21,             0

FETCH_TH_ADJUST_UP_count, 22,             0
FETCH_TH_ADJUST_UP_total_count, 22,             0

FETCH_TH_ADJUST_DOWN_count, 22,             0
FETCH_TH_ADJUST_DOWN_total_count, 22,             0

FETCH_TH_ADJUST_SAME_count, 22,             0
FETCH_TH_ADJUST_SAME_total_count, 22,             0

THROTTLE_ADJUST_CACHE_MISS_INFO_count, 0,             0
THROTTLE_ADJUST_CACHE_MISS_INFO_total_count, 0,             0

LOW_CONF_COUNT_BP_MIS_0_count, 23,             0
LOW_CONF_COUNT_BP_MIS_0_total_count, 23,             0

LOW_CONF_COUNT_BP_MIS_1_count, 23,             0
LOW_CONF_COUNT_BP_MIS_1_total_count, 23,             0

LOW_CONF_COUNT_BP_MIS_2_count, 23,             0
LOW_CONF_COUNT_BP_MIS_2_total_count, 23,             0

LOW_CONF_COUNT_BP_MIS_3_count, 23,             0
LOW_CONF_COUNT_BP_MIS_3_total_count, 23,             0

LOW_CONF_COUNT_BP_MIS_4_count, 23,             0
LOW_CONF_COUNT_BP_MIS_4_total_count, 23,             0

LOW_CONF_COUNT_BP_MIS_5_count, 23,             0
LOW_CONF_COUNT_BP_MIS_5_total_count, 23,             0

LOW_CONF_COUNT_BP_MIS_6_count, 23,             0
LOW_CONF_COUNT_BP_MIS_6_total_count, 23,             0

LOW_CONF_COUNT_BP_MIS_7_count, 23,             0
LOW_CONF_COUNT_BP_MIS_7_total_count, 23,             0

LOW_CONF_COUNT_BP_MIS_8_count, 23,             0
LOW_CONF_COUNT_BP_MIS_8_total_count, 23,             0

LOW_CONF_COUNT_BP_MIS_9_count, 23,             0
LOW_CONF_COUNT_BP_MIS_9_total_count, 23,             0

LOW_CONF_COUNT_BP_MIS_10_count, 23,             0
LOW_CONF_COUNT_BP_MIS_10_total_count, 23,             0

LOW_CONF_COUNT_BP_MIS_11_count, 23,             0
LOW_CONF_COUNT_BP_MIS_11_total_count, 23,             0

LOW_CONF_COUNT_BP_MIS_12_count, 23,             0
LOW_CONF_COUNT_BP_MIS_12_total_count, 23,             0

LOW_CONF_COUNT_BP_MIS_13_count, 23,             0
LOW_CONF_COUNT_BP_MIS_13_total_count, 23,             0

LOW_CONF_COUNT_BP_MIS_14_count, 23,             0
LOW_CONF_COUNT_BP_MIS_14_total_count, 23,             0

LOW_CONF_COUNT_BP_MIS_15_count, 23,             0
LOW_CONF_COUNT_BP_MIS_15_total_count, 23,             0

LOW_CONF_COUNT_BP_MIS_16_count, 23,             0
LOW_CONF_COUNT_BP_MIS_16_total_count, 23,             0

LOW_CONF_COUNT_BP_MIS_17_count, 23,             0
LOW_CONF_COUNT_BP_MIS_17_total_count, 23,             0

LOW_CONF_COUNT_BP_MIS_18_count, 23,             0
LOW_CONF_COUNT_BP_MIS_18_total_count, 23,             0

LOW_CONF_COUNT_BP_MIS_19_count, 23,             0
LOW_CONF_COUNT_BP_MIS_19_total_count, 23,             0

LOW_CONF_COUNT_BP_MIS_20_count, 23,             0
LOW_CONF_COUNT_BP_MIS_20_total_count, 23,             0

LOW_CONF_COUNT_RET_0_count, 24,             0
LOW_CONF_COUNT_RET_0_total_count, 24,             0

LOW_CONF_COUNT_RET_1_count, 24,             0
LOW_CONF_COUNT_RET_1_total_count, 24,             0

LOW_CONF_COUNT_RET_2_count, 24,             0
LOW_CONF_COUNT_RET_2_total_count, 24,             0

LOW_CONF_COUNT_RET_3_count, 24,             0
LOW_CONF_COUNT_RET_3_total_count, 24,             0

LOW_CONF_COUNT_RET_4_count, 24,             0
LOW_CONF_COUNT_RET_4_total_count, 24,             0

LOW_CONF_COUNT_RET_5_count, 24,             0
LOW_CONF_COUNT_RET_5_total_count, 24,             0

LOW_CONF_COUNT_RET_6_count, 24,             0
LOW_CONF_COUNT_RET_6_total_count, 24,             0

LOW_CONF_COUNT_RET_7_count, 24,             0
LOW_CONF_COUNT_RET_7_total_count, 24,             0

LOW_CONF_COUNT_RET_8_count, 24,             0
LOW_CONF_COUNT_RET_8_total_count, 24,             0

LOW_CONF_COUNT_RET_9_count, 24,             0
LOW_CONF_COUNT_RET_9_total_count, 24,             0

LOW_CONF_COUNT_RET_10_count, 24,             0
LOW_CONF_COUNT_RET_10_total_count, 24,             0

LOW_CONF_COUNT_RET_11_count, 24,             0
LOW_CONF_COUNT_RET_11_total_count, 24,             0

LOW_CONF_COUNT_RET_12_count, 24,             0
LOW_CONF_COUNT_RET_12_total_count, 24,             0

LOW_CONF_COUNT_RET_13_count, 24,             0
LOW_CONF_COUNT_RET_13_total_count, 24,             0

LOW_CONF_COUNT_RET_14_count, 24,             0
LOW_CONF_COUNT_RET_14_total_count, 24,             0

LOW_CONF_COUNT_RET_15_count, 24,             0
LOW_CONF_COUNT_RET_15_total_count, 24,             0

LOW_CONF_COUNT_RET_16_count, 24,             0
LOW_CONF_COUNT_RET_16_total_count, 24,             0

LOW_CONF_COUNT_RET_17_count, 24,             0
LOW_CONF_COUNT_RET_17_total_count, 24,             0

LOW_CONF_COUNT_RET_18_count, 24,             0
LOW_CONF_COUNT_RET_18_total_count, 24,             0

LOW_CONF_COUNT_RET_19_count, 24,             0
LOW_CONF_COUNT_RET_19_total_count, 24,             0

LOW_CONF_COUNT_RET_20_count, 24,             0
LOW_CONF_COUNT_RET_20_total_count, 24,             0

CYCLES_RESTEER_RECOVER_AT_EXEC_count, 25,             0
CYCLES_RESTEER_RECOVER_AT_EXEC_total_count, 25,             0

CYCLES_RESTEER_RECOVER_AT_DECODE_count, 25,             0
CYCLES_RESTEER_RECOVER_AT_DECODE_total_count, 25,             0

CYCLES_RESTEER_BTB_MISS_count, 25,             0
CYCLES_RESTEER_BTB_MISS_total_count, 25,             0

CYCLES_RESTEER_RECOVER_AT_EXEC_SAVED_UC_FETCH_count, 26,             0
CYCLES_RESTEER_RECOVER_AT_EXEC_SAVED_UC_FETCH_total_count, 26,             0

CYCLES_RESTEER_RECOVER_AT_EXEC_COULD_BE_SAVED_UC_FETCH_count, 26,             0
CYCLES_RESTEER_RECOVER_AT_EXEC_COULD_BE_SAVED_UC_FETCH_total_count, 26,             0

CYCLES_RESTEER_RECOVER_AT_DECODE_SAVED_UC_FETCH_count, 26,             0
CYCLES_RESTEER_RECOVER_AT_DECODE_SAVED_UC_FETCH_total_count, 26,             0

CYCLES_RESTEER_RECOVER_AT_DECODE_COULD_BE_SAVED_UC_FETCH_count, 26,             0
CYCLES_RESTEER_RECOVER_AT_DECODE_COULD_BE_SAVED_UC_FETCH_total_count, 26,             0

CYCLES_RESTEER_BTB_MISS_SAVED_UC_FETCH_count, 26,             0
CYCLES_RESTEER_BTB_MISS_SAVED_UC_FETCH_total_count, 26,             0

CYCLES_RESTEER_BTB_MISS_COULD_BE_SAVED_UC_FETCH_count, 26,             0
CYCLES_RESTEER_BTB_MISS_COULD_BE_SAVED_UC_FETCH_total_count, 26,             0

CYCLES_UOC_IC_SWITCH_count, 0,             0
CYCLES_UOC_IC_SWITCH_total_count, 0,             0



