Core, 0, 0
Cumulative_Cycles, 0, 15318848            
Cumulative_Instructions, 0, 30000000            
Periodic_Cycles, 0, 5088762             
Periodic_Instructions, 0, 9999998             
POWER_STATS_BEGIN_count, 0,             0
POWER_STATS_BEGIN_total_count, 0,             0

POWER_TIME_count, 0, 1590238125000
POWER_TIME_total_count, 0, 4787140000000

POWER_CYCLE_count, 0,       5088762
POWER_CYCLE_total_count, 0,      15318848

POWER_ITLB_ACCESS_count, 0,         73201
POWER_ITLB_ACCESS_total_count, 0,        210357

POWER_DTLB_ACCESS_count, 0,       1254015
POWER_DTLB_ACCESS_total_count, 0,       3756395

POWER_ICACHE_ACCESS_count, 0,         73201
POWER_ICACHE_ACCESS_total_count, 0,        210357

POWER_ICACHE_MISS_count, 0,            16
POWER_ICACHE_MISS_total_count, 0,           404

POWER_BTB_READ_count, 0,       2898546
POWER_BTB_READ_total_count, 0,       8691485

POWER_BTB_WRITE_count, 0,        126847
POWER_BTB_WRITE_total_count, 0,        377119

POWER_ROB_READ_count, 0,      10392395
POWER_ROB_READ_total_count, 0,      31261358

POWER_ROB_WRITE_count, 0,      10392395
POWER_ROB_WRITE_total_count, 0,      31261358

POWER_RENAME_READ_count, 0,      20564984
POWER_RENAME_READ_total_count, 0,      61864024

POWER_RENAME_WRITE_count, 0,      10282492
POWER_RENAME_WRITE_total_count, 0,      30932012

POWER_FP_RENAME_READ_count, 0,        219806
POWER_FP_RENAME_READ_total_count, 0,        658692

POWER_FP_RENAME_WRITE_count, 0,        109903
POWER_FP_RENAME_WRITE_total_count, 0,        329346

POWER_FUNCTION_CALL_count, 0,        138093
POWER_FUNCTION_CALL_total_count, 0,        414972

POWER_INST_WINDOW_READ_count, 0,      10282492
POWER_INST_WINDOW_READ_total_count, 0,      30932012

POWER_INST_WINDOW_WRITE_count, 0,      10282492
POWER_INST_WINDOW_WRITE_total_count, 0,      30932012

POWER_INT_REGFILE_READ_count, 0,      11001596
POWER_INT_REGFILE_READ_total_count, 0,      33070810

POWER_INT_REGFILE_WRITE_count, 0,       6213015
POWER_INT_REGFILE_WRITE_total_count, 0,      18723275

POWER_IALU_ACCESS_count, 0,      10282492
POWER_IALU_ACCESS_total_count, 0,      30932012

POWER_CDB_IALU_ACCESS_count, 0,      10282492
POWER_CDB_IALU_ACCESS_total_count, 0,      30932012

POWER_MUL_ACCESS_count, 0,             0
POWER_MUL_ACCESS_total_count, 0,             0

POWER_CDB_MUL_ACCESS_count, 0,             0
POWER_CDB_MUL_ACCESS_total_count, 0,             0

POWER_FP_INST_WINDOW_WRITE_count, 0,        109903
POWER_FP_INST_WINDOW_WRITE_total_count, 0,        329346

POWER_FP_INST_WINDOW_READ_count, 0,        109903
POWER_FP_INST_WINDOW_READ_total_count, 0,        329346

POWER_FP_REGFILE_READ_count, 0,        283865
POWER_FP_REGFILE_READ_total_count, 0,        851976

POWER_FP_REGFILE_WRITE_count, 0,        109903
POWER_FP_REGFILE_WRITE_total_count, 0,        329346

POWER_FPU_ACCESS_count, 0,        109903
POWER_FPU_ACCESS_total_count, 0,        329346

POWER_CDB_FPU_ACCESS_count, 0,        109903
POWER_CDB_FPU_ACCESS_total_count, 0,        329346

POWER_DCACHE_READ_ACCESS_count, 0,       1893509
POWER_DCACHE_READ_ACCESS_total_count, 0,       5737483

POWER_DCACHE_WRITE_ACCESS_count, 0,       1253650
POWER_DCACHE_WRITE_ACCESS_total_count, 0,       3755104

POWER_DCACHE_READ_MISS_count, 0,         76189
POWER_DCACHE_READ_MISS_total_count, 0,        235080

POWER_DCACHE_WRITE_MISS_count, 0,          4251
POWER_DCACHE_WRITE_MISS_total_count, 0,         12407

POWER_MLC_READ_ACCESS_count, 0,             0
POWER_MLC_READ_ACCESS_total_count, 0,             0

POWER_MLC_WRITE_ACCESS_count, 0,             0
POWER_MLC_WRITE_ACCESS_total_count, 0,             0

POWER_MLC_READ_MISS_count, 0,             0
POWER_MLC_READ_MISS_total_count, 0,             0

POWER_MLC_WRITE_MISS_count, 0,             0
POWER_MLC_WRITE_MISS_total_count, 0,             0

POWER_LLC_READ_ACCESS_count, 0,         25489
POWER_LLC_READ_ACCESS_total_count, 0,         81630

POWER_LLC_WRITE_ACCESS_count, 0,         16816
POWER_LLC_WRITE_ACCESS_total_count, 0,         43194

POWER_LLC_READ_MISS_count, 0,         21213
POWER_LLC_READ_MISS_total_count, 0,         71924

POWER_LLC_WRITE_MISS_count, 0,           437
POWER_LLC_WRITE_MISS_total_count, 0,           769

POWER_MEMORY_ACCESS_count, 0,             0
POWER_MEMORY_ACCESS_total_count, 0,             0

POWER_MEMORY_READ_ACCESS_count, 0,             0
POWER_MEMORY_READ_ACCESS_total_count, 0,             0

POWER_MEMORY_WRITE_ACCESS_count, 0,             0
POWER_MEMORY_WRITE_ACCESS_total_count, 0,             0

POWER_INST_WINDOW_WAKEUP_ACCESS_count, 0,      10282492
POWER_INST_WINDOW_WAKEUP_ACCESS_total_count, 0,      30932012

POWER_FP_INST_WINDOW_WAKEUP_ACCESS_count, 0,        109903
POWER_FP_INST_WINDOW_WAKEUP_ACCESS_total_count, 0,        329346

POWER_L1DIREC_READ_ACCESS_count, 0,             0
POWER_L1DIREC_READ_ACCESS_total_count, 0,             0

POWER_L1DIREC_WRITE_ACCESS_count, 0,             0
POWER_L1DIREC_WRITE_ACCESS_total_count, 0,             0

POWER_L1DIREC_READ_MISS_count, 0,             0
POWER_L1DIREC_READ_MISS_total_count, 0,             0

POWER_L1DIREC_WRITE_MISS_count, 0,             0
POWER_L1DIREC_WRITE_MISS_total_count, 0,             0

POWER_L2DIREC_READ_ACCESS_count, 0,             0
POWER_L2DIREC_READ_ACCESS_total_count, 0,             0

POWER_L2DIREC_WRITE_ACCESS_count, 0,             0
POWER_L2DIREC_WRITE_ACCESS_total_count, 0,             0

POWER_L2DIREC_READ_MISS_count, 0,             0
POWER_L2DIREC_READ_MISS_total_count, 0,             0

POWER_L2DIREC_WRITE_MISS_count, 0,             0
POWER_L2DIREC_WRITE_MISS_total_count, 0,             0

POWER_MEMORY_CTRL_ACCESS_count, 0,         34533
POWER_MEMORY_CTRL_ACCESS_total_count, 0,         92837

POWER_MEMORY_CTRL_READ_count, 0,         21213
POWER_MEMORY_CTRL_READ_total_count, 0,         71924

POWER_MEMORY_CTRL_WRITE_count, 0,         13320
POWER_MEMORY_CTRL_WRITE_total_count, 0,         20913

POWER_OP_count, 0,      10392395
POWER_OP_total_count, 0,      31261358

POWER_INT_OP_count, 0,       9782914
POWER_INT_OP_total_count, 0,      29413869

POWER_FP_OP_count, 0,        607999
POWER_FP_OP_total_count, 0,       1833600

POWER_LD_OP_count, 0,       1910349
POWER_LD_OP_total_count, 0,       5786474

POWER_ST_OP_count, 0,       1254015
POWER_ST_OP_total_count, 0,       3756395

POWER_BRANCH_RECOVER_AT_EXEC_count, 0,        126847
POWER_BRANCH_RECOVER_AT_EXEC_total_count, 0,        377119

POWER_COMMITTED_OP_count, 0,      10282292
POWER_COMMITTED_OP_total_count, 0,      30918056

POWER_COMMITTED_INT_OP_count, 0,       9676222
POWER_COMMITTED_INT_OP_total_count, 0,      29090576

POWER_COMMITTED_FP_OP_count, 0,        606070
POWER_COMMITTED_FP_OP_total_count, 0,       1827480

POWER_BRANCH_OP_count, 0,       1912876
POWER_BRANCH_OP_total_count, 0,       5743381

POWER_DRAM_PRECHARGE_count, 0,         29939
POWER_DRAM_PRECHARGE_total_count, 0,         76317

POWER_DRAM_ACTIVATE_count, 0,         32829
POWER_DRAM_ACTIVATE_total_count, 0,         85057

POWER_DRAM_READ_count, 0,         21211
POWER_DRAM_READ_total_count, 0,         71921

POWER_DRAM_WRITE_count, 0,         13313
POWER_DRAM_WRITE_total_count, 0,         20904

POWER_STATS_END_count, 0,             0
POWER_STATS_END_total_count, 0,             0

ENERGY_value, 0,      0.000000
ENERGY_total_value, 0,      0.000000

ENERGY_CORE_value, 0,      0.000000
ENERGY_CORE_total_value, 0,      0.000000

ENERGY_UNCORE_value, 0,      0.000000
ENERGY_UNCORE_total_value, 0,      0.000000

ENERGY_MEMORY_value, 0,      0.000000
ENERGY_MEMORY_total_value, 0,      0.000000

ENERGY_OTHER_value, 0,      0.000000
ENERGY_OTHER_total_value, 0,      0.000000

ENERGY_CORE_STATIC_value, 0,      0.000000
ENERGY_CORE_STATIC_total_value, 0,      0.000000

ENERGY_CORE_DYNAMIC_value, 0,      0.000000
ENERGY_CORE_DYNAMIC_total_value, 0,      0.000000

ENERGY_UNCORE_STATIC_value, 0,      0.000000
ENERGY_UNCORE_STATIC_total_value, 0,      0.000000

ENERGY_UNCORE_DYNAMIC_value, 0,      0.000000
ENERGY_UNCORE_DYNAMIC_total_value, 0,      0.000000

ENERGY_MEMORY_STATIC_value, 0,      0.000000
ENERGY_MEMORY_STATIC_total_value, 0,      0.000000

ENERGY_MEMORY_DYNAMIC_value, 0,      0.000000
ENERGY_MEMORY_DYNAMIC_total_value, 0,      0.000000

ENERGY_OTHER_STATIC_value, 0,      0.000000
ENERGY_OTHER_STATIC_total_value, 0,      0.000000

ENERGY_OTHER_DYNAMIC_value, 0,      0.000000
ENERGY_OTHER_DYNAMIC_total_value, 0,      0.000000

TIME_value, 0,      0.000000
TIME_total_value, 0,      0.000000

ENERGY_STATS_END_count, 0,             0
ENERGY_STATS_END_total_count, 0,             0



