Core, 0, 0
Cumulative_Cycles, 0, 10514872            
Cumulative_Instructions, 0, 30000000            
Periodic_Cycles, 0, 3398826             
Periodic_Instructions, 0, 9999997             
EXECUTION_TIME_count, 0, 1062133125000
EXECUTION_TIME_total_count, 0, 3285897500000

SIM_HOST_WALL_SECONDS_value, 0,    179.550204
SIM_HOST_WALL_SECONDS_total_value, 0,    179.550204

NODE_CYCLE_count, 0,       3398826
NODE_CYCLE_total_count, 0,      10514872

NODE_INST_COUNT_count, 0,       9999997
NODE_INST_COUNT_total_count, 0,      30000050

NODE_INST_COUNT_FETCHED_count, 0,       9999997
NODE_INST_COUNT_FETCHED_total_count, 0,      30000000

NODE_UOP_COUNT_count, 0,      12016220
NODE_UOP_COUNT_total_count, 0,      35546399

EXEC_STAGE_NO_ISSUE_STALL_CYCLE_count, 0,       2798982
EXEC_STAGE_NO_ISSUE_STALL_CYCLE_total_count, 0,       8332891

EXEC_STAGE_NO_ISSUE_STALL_CYCLE_ONPATH_count, 0,       2729716
EXEC_STAGE_NO_ISSUE_STALL_CYCLE_ONPATH_total_count, 0,       8091535

FULL_WINDOW_STALL_count, 0,         26680
FULL_WINDOW_STALL_pct, 0,        0.785
FULL_WINDOW_STALL_total_count, 0,        129250
FULL_WINDOW_STALL_total_pct, 0,        1.229

FULL_WINDOW_MEM_OP_count, 401,         22689
FULL_WINDOW_MEM_OP_total_count, 401,        114163

FULL_WINDOW_FP_OP_count, 401,             0
FULL_WINDOW_FP_OP_total_count, 401,             0

FULL_WINDOW_OTHER_OP_count, 401,             0
FULL_WINDOW_OTHER_OP_total_count, 401,             0

RET_BLOCKED_DC_MISS_count, 0,        452051
RET_BLOCKED_DC_MISS_pct, 0,       13.300
RET_BLOCKED_DC_MISS_total_count, 0,       1291231
RET_BLOCKED_DC_MISS_total_pct, 0,       12.280

RET_BLOCKED_L1_MISS_count, 0,         44289
RET_BLOCKED_L1_MISS_pct, 0,        1.303
RET_BLOCKED_L1_MISS_total_count, 0,        159803
RET_BLOCKED_L1_MISS_total_pct, 0,        1.520

RET_BLOCKED_L1_MISS_BW_PREF_count, 0,         13804
RET_BLOCKED_L1_MISS_BW_PREF_pct, 0,        0.406
RET_BLOCKED_L1_MISS_BW_PREF_total_count, 0,         20405
RET_BLOCKED_L1_MISS_BW_PREF_total_pct, 0,        0.194

RET_BLOCKED_L1_ACCESS_count, 0,        407785
RET_BLOCKED_L1_ACCESS_pct, 0,       11.998
RET_BLOCKED_L1_ACCESS_total_count, 0,       1134916
RET_BLOCKED_L1_ACCESS_total_pct, 0,       10.793

RET_BLOCKED_MEM_STALL_count, 0,         44309
RET_BLOCKED_MEM_STALL_pct, 0,        1.304
RET_BLOCKED_MEM_STALL_total_count, 0,        161612
RET_BLOCKED_MEM_STALL_total_pct, 0,        1.537

RET_BLOCKED_OFFCHIP_DEMAND_count, 0,             0
RET_BLOCKED_OFFCHIP_DEMAND_pct, 0,        0.000
RET_BLOCKED_OFFCHIP_DEMAND_total_count, 0,             0
RET_BLOCKED_OFFCHIP_DEMAND_total_pct, 0,        0.000

OP_ISSUED_count, 0,      12164993
OP_ISSUED_total_count, 0,      36092625

OP_RETIRED_count, 0,      12016220
OP_RETIRED_total_count, 0,      35546399

OP_MACRO_FUSION_ONPATH_count, 0,             0
OP_MACRO_FUSION_ONPATH_total_count, 0,             0

OP_MACRO_FUSION_OFFPATH_count, 0,             0
OP_MACRO_FUSION_OFFPATH_total_count, 0,             0

REPLAY_SIGNALED_count, 0,             0
REPLAY_SIGNALED_total_count, 0,             0

REPLAY_COUNTED_count, 0,             0
REPLAY_COUNTED_total_count, 0,             0

OFF_CRITICAL_PATH_count, 402,             0
OFF_CRITICAL_PATH_total_count, 402,             0

ON_CRITICAL_PATH_count, 402,             0
ON_CRITICAL_PATH_total_count, 402,             0

LD_NO_DEPENDENTS_count, 403,        140195
LD_NO_DEPENDENTS_total_count, 403,        449876

LD_DEPENDENTS_count, 403,       2857442
LD_DEPENDENTS_total_count, 403,       8760912

LD_EXEC_CYCLES_0_count, 404,             0
LD_EXEC_CYCLES_0_total_count, 404,             0

LD_EXEC_CYCLES_1_count, 404,             0
LD_EXEC_CYCLES_1_total_count, 404,             0

LD_EXEC_CYCLES_2_count, 404,             0
LD_EXEC_CYCLES_2_total_count, 404,             0

LD_EXEC_CYCLES_3_count, 404,          8562
LD_EXEC_CYCLES_3_total_count, 404,         26784

LD_EXEC_CYCLES_4_count, 404,         11893
LD_EXEC_CYCLES_4_total_count, 404,         37710

LD_RETIRED_ONPATH_count, 0,       2997637
LD_RETIRED_ONPATH_total_count, 0,       9210788

LD_EXEC_MINUS_FETCH_LATENCY_count, 0,     262030396
LD_EXEC_MINUS_FETCH_LATENCY_total_count, 0,     854754743

LD_RETIRE_MINUS_FETCH_LATENCY_count, 0,     396235544
LD_RETIRE_MINUS_FETCH_LATENCY_total_count, 0,    1265304970

LD_EXEC_TO_DONE_LATENCY_count, 0,      27809292
LD_EXEC_TO_DONE_LATENCY_total_count, 0,      77630655

ICACHE_STAGE_STARVED_count, 405,         69763
ICACHE_STAGE_STARVED_total_count, 405,        291377

ICACHE_STAGE_NOT_STARVED_count, 405,       3095777
ICACHE_STAGE_NOT_STARVED_total_count, 405,       9389014

ICACHE_STAGE_STALLED_count, 406,       1088305
ICACHE_STAGE_STALLED_total_count, 406,       3673920

ICACHE_STAGE_NOT_STALLED_count, 406,       2077235
ICACHE_STAGE_NOT_STALLED_total_count, 406,       6006471

ICACHE_STAGE_OFF_PATH_count, 406,        233286
ICACHE_STAGE_OFF_PATH_total_count, 406,        834481

DECODE_STAGE_STARVED_count, 407,       3209552
DECODE_STAGE_STARVED_total_count, 407,       9861184

DECODE_STAGE_NOT_STARVED_count, 407,         88211
DECODE_STAGE_NOT_STARVED_total_count, 407,        287535

DECODE_STAGE_STALLED_count, 408,         40710
DECODE_STAGE_STALLED_total_count, 408,        140372

DECODE_STAGE_NOT_STALLED_count, 408,       3257053
DECODE_STAGE_NOT_STALLED_total_count, 408,      10008347

DECODE_STAGE_OFF_PATH_count, 408,        101063
DECODE_STAGE_OFF_PATH_total_count, 408,        366153

UOPQ_STAGE_STARVED_count, 409,        183363
UOPQ_STAGE_STARVED_total_count, 409,        693363

UOPQ_STAGE_NOT_STARVED_count, 409,       1933771
UOPQ_STAGE_NOT_STARVED_total_count, 409,       5476235

UOPQ_STAGE_STALLED_count, 410,       1075816
UOPQ_STAGE_STALLED_total_count, 410,       3634042

UOPQ_STAGE_NOT_STALLED_count, 410,       2117134
UOPQ_STAGE_NOT_STALLED_total_count, 410,       6169598

UOPQ_STAGE_OFF_PATH_count, 410,        205876
UOPQ_STAGE_OFF_PATH_total_count, 410,        711232

RS_OP_READY_NOT_ISSUED_TOTAL_count, 0,      11315451
RS_OP_READY_NOT_ISSUED_TOTAL_total_count, 0,      34950362

RS_0_OP_READY_NOT_ISSUED_count, 0,       6720209
RS_0_OP_READY_NOT_ISSUED_total_count, 0,      20261964

RS_1_OP_READY_NOT_ISSUED_count, 0,       4037938
RS_1_OP_READY_NOT_ISSUED_total_count, 0,      12879942

RS_2_OP_READY_NOT_ISSUED_count, 0,        557304
RS_2_OP_READY_NOT_ISSUED_total_count, 0,       1808456

RS_3_OP_READY_NOT_ISSUED_count, 0,             0
RS_3_OP_READY_NOT_ISSUED_total_count, 0,             0

RS_4_OP_READY_NOT_ISSUED_count, 0,             0
RS_4_OP_READY_NOT_ISSUED_total_count, 0,             0

RS_5_OP_READY_NOT_ISSUED_count, 0,             0
RS_5_OP_READY_NOT_ISSUED_total_count, 0,             0

RS_6_OP_READY_NOT_ISSUED_count, 0,             0
RS_6_OP_READY_NOT_ISSUED_total_count, 0,             0

RS_7_OP_READY_NOT_ISSUED_count, 0,             0
RS_7_OP_READY_NOT_ISSUED_total_count, 0,             0

RS_7_PLUS_OP_READY_NOT_ISSUED_count, 0,             0
RS_7_PLUS_OP_READY_NOT_ISSUED_total_count, 0,             0

FU_IDLE_NO_READY_OPS_TOTAL_count, 0,      11289166
FU_IDLE_NO_READY_OPS_TOTAL_total_count, 0,      37679908

FU_0_IDLE_NO_READY_OPS_count, 0,        795615
FU_0_IDLE_NO_READY_OPS_total_count, 0,       2822579

FU_1_IDLE_NO_READY_OPS_count, 0,        873251
FU_1_IDLE_NO_READY_OPS_total_count, 0,       3076909

FU_2_IDLE_NO_READY_OPS_count, 0,       1236852
FU_2_IDLE_NO_READY_OPS_total_count, 0,       4012319

FU_3_IDLE_NO_READY_OPS_count, 0,       1214073
FU_3_IDLE_NO_READY_OPS_total_count, 0,       3976578

FU_4_IDLE_NO_READY_OPS_count, 0,        899122
FU_4_IDLE_NO_READY_OPS_total_count, 0,       3161713

FU_5_IDLE_NO_READY_OPS_count, 0,        759826
FU_5_IDLE_NO_READY_OPS_total_count, 0,       2705255

FU_6_IDLE_NO_READY_OPS_count, 0,       1728107
FU_6_IDLE_NO_READY_OPS_total_count, 0,       5426055

FU_7_IDLE_NO_READY_OPS_count, 0,       1705221
FU_7_IDLE_NO_READY_OPS_total_count, 0,       5440812

FU_8_IDLE_NO_READY_OPS_count, 0,        875180
FU_8_IDLE_NO_READY_OPS_total_count, 0,       3083333

FU_9_IDLE_NO_READY_OPS_count, 0,       1201919
FU_9_IDLE_NO_READY_OPS_total_count, 0,       3974355

FU_10_IDLE_NO_READY_OPS_count, 0,             0
FU_10_IDLE_NO_READY_OPS_total_count, 0,             0

FU_11_IDLE_NO_READY_OPS_count, 0,             0
FU_11_IDLE_NO_READY_OPS_total_count, 0,             0

FU_12_IDLE_NO_READY_OPS_count, 0,             0
FU_12_IDLE_NO_READY_OPS_total_count, 0,             0

FU_13_IDLE_NO_READY_OPS_count, 0,             0
FU_13_IDLE_NO_READY_OPS_total_count, 0,             0

FU_14_IDLE_NO_READY_OPS_count, 0,             0
FU_14_IDLE_NO_READY_OPS_total_count, 0,             0

FU_15_IDLE_NO_READY_OPS_count, 0,             0
FU_15_IDLE_NO_READY_OPS_total_count, 0,             0

FU_16_IDLE_NO_READY_OPS_count, 0,             0
FU_16_IDLE_NO_READY_OPS_total_count, 0,             0

FU_17_IDLE_NO_READY_OPS_count, 0,             0
FU_17_IDLE_NO_READY_OPS_total_count, 0,             0

FU_18_IDLE_NO_READY_OPS_count, 0,             0
FU_18_IDLE_NO_READY_OPS_total_count, 0,             0

FU_19_IDLE_NO_READY_OPS_count, 0,             0
FU_19_IDLE_NO_READY_OPS_total_count, 0,             0

FU_20_IDLE_NO_READY_OPS_count, 0,             0
FU_20_IDLE_NO_READY_OPS_total_count, 0,             0

FU_21_IDLE_NO_READY_OPS_count, 0,             0
FU_21_IDLE_NO_READY_OPS_total_count, 0,             0

FU_22_IDLE_NO_READY_OPS_count, 0,             0
FU_22_IDLE_NO_READY_OPS_total_count, 0,             0

FU_23_IDLE_NO_READY_OPS_count, 0,             0
FU_23_IDLE_NO_READY_OPS_total_count, 0,             0

FU_24_IDLE_NO_READY_OPS_count, 0,             0
FU_24_IDLE_NO_READY_OPS_total_count, 0,             0

FU_25_IDLE_NO_READY_OPS_count, 0,             0
FU_25_IDLE_NO_READY_OPS_total_count, 0,             0

FU_26_IDLE_NO_READY_OPS_count, 0,             0
FU_26_IDLE_NO_READY_OPS_total_count, 0,             0

FU_27_IDLE_NO_READY_OPS_count, 0,             0
FU_27_IDLE_NO_READY_OPS_total_count, 0,             0

FU_28_IDLE_NO_READY_OPS_count, 0,             0
FU_28_IDLE_NO_READY_OPS_total_count, 0,             0

FU_29_IDLE_NO_READY_OPS_count, 0,             0
FU_29_IDLE_NO_READY_OPS_total_count, 0,             0

FU_30_IDLE_NO_READY_OPS_count, 0,             0
FU_30_IDLE_NO_READY_OPS_total_count, 0,             0

FU_31_IDLE_NO_READY_OPS_count, 0,             0
FU_31_IDLE_NO_READY_OPS_total_count, 0,             0

FU_31_PLUS_IDLE_NO_READY_OPS_count, 0,             0
FU_31_PLUS_IDLE_NO_READY_OPS_total_count, 0,             0

MAP_STAGE_STARVED_count, 411,         73559
MAP_STAGE_STARVED_total_count, 411,        320262

MAP_STAGE_NOT_STARVED_count, 411,       2677440
MAP_STAGE_NOT_STARVED_total_count, 411,       7926751

MAP_STAGE_STALLED_count, 412,        445543
MAP_STAGE_STALLED_total_count, 412,       1481591

MAP_STAGE_NOT_STALLED_count, 412,       2305456
MAP_STAGE_NOT_STALLED_total_count, 412,       6765422

MAP_STAGE_OFF_PATH_count, 412,        108803
MAP_STAGE_OFF_PATH_total_count, 412,        397107

MAP_STAGE_STALL_ITSELF_count, 413,        539024
MAP_STAGE_STALL_ITSELF_total_count, 413,       1870752

MAP_STAGE_NOT_STALL_ITSELF_count, 413,       2859802
MAP_STAGE_NOT_STALL_ITSELF_total_count, 413,       8644120

MAP_STAGE_LATE_ALLOCATE_SEND_BACK_count, 0,             0
MAP_STAGE_LATE_ALLOCATE_SEND_BACK_total_count, 0,             0

MAP_STAGE_RENAME_OP_ONPATH_count, 0,      12015955
MAP_STAGE_RENAME_OP_ONPATH_total_count, 0,      35546399

MAP_STAGE_RENAME_OP_OFFPATH_count, 0,        494734
MAP_STAGE_RENAME_OP_OFFPATH_total_count, 0,       1698454

MAP_STAGE_RENAME_INT_REG_ONPATH_count, 0,       7209894
MAP_STAGE_RENAME_INT_REG_ONPATH_total_count, 0,      20788247

MAP_STAGE_RENAME_INT_REG_OFFPATH_count, 0,        261867
MAP_STAGE_RENAME_INT_REG_OFFPATH_total_count, 0,        849524

MAP_STAGE_RENAME_VEC_REG_ONPATH_count, 0,        721786
MAP_STAGE_RENAME_VEC_REG_ONPATH_total_count, 0,       2330167

MAP_STAGE_RENAME_VEC_REG_OFFPATH_count, 0,         62383
MAP_STAGE_RENAME_VEC_REG_OFFPATH_total_count, 0,        224247

MAP_STAGE_RENAME_MOVE_ELIM_ONPATH_count, 0,             0
MAP_STAGE_RENAME_MOVE_ELIM_ONPATH_total_count, 0,             0

MAP_STAGE_RENAME_MOVE_ELIM_OFFPATH_count, 0,             0
MAP_STAGE_RENAME_MOVE_ELIM_OFFPATH_total_count, 0,             0

REG_FILE_UTIL_SAMPLES_count, 0,       3398826
REG_FILE_UTIL_SAMPLES_total_count, 0,      10514872

REG_FILE_INT_PHYS_REGS_SUM_count, 0,     951671280
REG_FILE_INT_PHYS_REGS_SUM_total_count, 0,    2944164160

REG_FILE_VEC_PHYS_REGS_SUM_count, 0,    1128410232
REG_FILE_VEC_PHYS_REGS_SUM_total_count, 0,    3490937504

REG_FILE_INT_OCCUPIED_SUM_count, 0,     654824977
REG_FILE_INT_OCCUPIED_SUM_total_count, 0,    1996044896

REG_FILE_VEC_OCCUPIED_SUM_count, 0,     160545844
REG_FILE_VEC_OCCUPIED_SUM_total_count, 0,     517378125

MAP_STAGE_ONPATH_INT_REG_NUM_ALLOC_count, 0,       7210098
MAP_STAGE_ONPATH_INT_REG_NUM_ALLOC_total_count, 0,      20788229

MAP_STAGE_ONPATH_VEC_REG_NUM_ALLOC_count, 0,        721786
MAP_STAGE_ONPATH_VEC_REG_NUM_ALLOC_total_count, 0,       2330151

MAP_STAGE_ONPATH_INT_REG_NUM_SHORTLIVE_count, 0,       2405651
MAP_STAGE_ONPATH_INT_REG_NUM_SHORTLIVE_total_count, 0,       7040662

MAP_STAGE_ONPATH_VEC_REG_NUM_SHORTLIVE_count, 0,        491206
MAP_STAGE_ONPATH_VEC_REG_NUM_SHORTLIVE_total_count, 0,       1590929

MAP_STAGE_ONPATH_INT_REG_USE_COUNT_0_count, 0,        400016
MAP_STAGE_ONPATH_INT_REG_USE_COUNT_0_total_count, 0,        800232

MAP_STAGE_ONPATH_VEC_REG_USE_COUNT_0_count, 0,         68927
MAP_STAGE_ONPATH_VEC_REG_USE_COUNT_0_total_count, 0,        222656

MAP_STAGE_ONPATH_INT_REG_USE_COUNT_1_count, 0,       4846199
MAP_STAGE_ONPATH_INT_REG_USE_COUNT_1_total_count, 0,      14386676

MAP_STAGE_ONPATH_VEC_REG_USE_COUNT_1_count, 0,        582798
MAP_STAGE_ONPATH_VEC_REG_USE_COUNT_1_total_count, 0,       1880461

MAP_STAGE_ONPATH_INT_REG_USE_COUNT_2_count, 0,        833672
MAP_STAGE_ONPATH_INT_REG_USE_COUNT_2_total_count, 0,       2204094

MAP_STAGE_ONPATH_VEC_REG_USE_COUNT_2_count, 0,         58924
MAP_STAGE_ONPATH_VEC_REG_USE_COUNT_2_total_count, 0,        191248

MAP_STAGE_ONPATH_INT_REG_USE_COUNT_3_count, 0,        318015
MAP_STAGE_ONPATH_INT_REG_USE_COUNT_3_total_count, 0,        776592

MAP_STAGE_ONPATH_VEC_REG_USE_COUNT_3_count, 0,           712
MAP_STAGE_ONPATH_VEC_REG_USE_COUNT_3_total_count, 0,          2370

MAP_STAGE_ONPATH_INT_REG_USE_COUNT_4_count, 0,        670672
MAP_STAGE_ONPATH_INT_REG_USE_COUNT_4_total_count, 0,       2162138

MAP_STAGE_ONPATH_VEC_REG_USE_COUNT_4_count, 0,           302
MAP_STAGE_ONPATH_VEC_REG_USE_COUNT_4_total_count, 0,          1043

MAP_STAGE_ONPATH_INT_REG_USE_COUNT_5_count, 0,         78945
MAP_STAGE_ONPATH_INT_REG_USE_COUNT_5_total_count, 0,        255852

MAP_STAGE_ONPATH_VEC_REG_USE_COUNT_5_count, 0,             1
MAP_STAGE_ONPATH_VEC_REG_USE_COUNT_5_total_count, 0,             3

MAP_STAGE_ONPATH_INT_REG_USE_COUNT_6_count, 0,         25353
MAP_STAGE_ONPATH_INT_REG_USE_COUNT_6_total_count, 0,         82761

MAP_STAGE_ONPATH_VEC_REG_USE_COUNT_6_count, 0,             7
MAP_STAGE_ONPATH_VEC_REG_USE_COUNT_6_total_count, 0,            14

MAP_STAGE_ONPATH_INT_REG_USE_COUNT_7_PLUS_count, 0,         37226
MAP_STAGE_ONPATH_INT_REG_USE_COUNT_7_PLUS_total_count, 0,        119884

MAP_STAGE_ONPATH_VEC_REG_USE_COUNT_7_PLUS_count, 0,         10115
MAP_STAGE_ONPATH_VEC_REG_USE_COUNT_7_PLUS_total_count, 0,         32356

MAP_STAGE_ONPATH_INT_REG_CONSUME_DIST_0_count, 0,             0
MAP_STAGE_ONPATH_INT_REG_CONSUME_DIST_0_pct, 0,        0.000
MAP_STAGE_ONPATH_INT_REG_CONSUME_DIST_0_total_count, 0,             0
MAP_STAGE_ONPATH_INT_REG_CONSUME_DIST_0_total_pct, 0,        0.000

MAP_STAGE_ONPATH_VEC_REG_CONSUME_DIST_0_count, 0,             0
MAP_STAGE_ONPATH_VEC_REG_CONSUME_DIST_0_pct, 0,        0.000
MAP_STAGE_ONPATH_VEC_REG_CONSUME_DIST_0_total_count, 0,             0
MAP_STAGE_ONPATH_VEC_REG_CONSUME_DIST_0_total_pct, 0,        0.000

MAP_STAGE_ONPATH_INT_REG_CONSUME_DIST_1_count, 0,             0
MAP_STAGE_ONPATH_INT_REG_CONSUME_DIST_1_pct, 0,        0.000
MAP_STAGE_ONPATH_INT_REG_CONSUME_DIST_1_total_count, 0,             0
MAP_STAGE_ONPATH_INT_REG_CONSUME_DIST_1_total_pct, 0,        0.000

MAP_STAGE_ONPATH_VEC_REG_CONSUME_DIST_1_count, 0,             0
MAP_STAGE_ONPATH_VEC_REG_CONSUME_DIST_1_pct, 0,        0.000
MAP_STAGE_ONPATH_VEC_REG_CONSUME_DIST_1_total_count, 0,             0
MAP_STAGE_ONPATH_VEC_REG_CONSUME_DIST_1_total_pct, 0,        0.000

MAP_STAGE_ONPATH_INT_REG_CONSUME_DIST_2_count, 0,      16778906
MAP_STAGE_ONPATH_INT_REG_CONSUME_DIST_2_pct, 0,       20.127
MAP_STAGE_ONPATH_INT_REG_CONSUME_DIST_2_total_count, 0,      53867415
MAP_STAGE_ONPATH_INT_REG_CONSUME_DIST_2_total_pct, 0,       24.440

MAP_STAGE_ONPATH_VEC_REG_CONSUME_DIST_2_count, 0,        772416
MAP_STAGE_ONPATH_VEC_REG_CONSUME_DIST_2_pct, 0,       13.109
MAP_STAGE_ONPATH_VEC_REG_CONSUME_DIST_2_total_count, 0,       1720523
MAP_STAGE_ONPATH_VEC_REG_CONSUME_DIST_2_total_pct, 0,        8.996

MAP_STAGE_ONPATH_INT_REG_CONSUME_DIST_3_count, 0,        879137
MAP_STAGE_ONPATH_INT_REG_CONSUME_DIST_3_pct, 0,        2.764
MAP_STAGE_ONPATH_INT_REG_CONSUME_DIST_3_total_count, 0,       2995157
MAP_STAGE_ONPATH_INT_REG_CONSUME_DIST_3_total_pct, 0,        3.857

MAP_STAGE_ONPATH_VEC_REG_CONSUME_DIST_3_count, 0,        130954
MAP_STAGE_ONPATH_VEC_REG_CONSUME_DIST_3_pct, 0,      183.924
MAP_STAGE_ONPATH_VEC_REG_CONSUME_DIST_3_total_count, 0,        436637
MAP_STAGE_ONPATH_VEC_REG_CONSUME_DIST_3_total_pct, 0,      184.235

MAP_STAGE_ONPATH_INT_REG_CONSUME_DIST_4_count, 0,       5574091
MAP_STAGE_ONPATH_INT_REG_CONSUME_DIST_4_pct, 0,        8.311
MAP_STAGE_ONPATH_INT_REG_CONSUME_DIST_4_total_count, 0,      18312725
MAP_STAGE_ONPATH_INT_REG_CONSUME_DIST_4_total_pct, 0,        8.470

MAP_STAGE_ONPATH_VEC_REG_CONSUME_DIST_4_count, 0,          5061
MAP_STAGE_ONPATH_VEC_REG_CONSUME_DIST_4_pct, 0,       16.758
MAP_STAGE_ONPATH_VEC_REG_CONSUME_DIST_4_total_count, 0,         25331
MAP_STAGE_ONPATH_VEC_REG_CONSUME_DIST_4_total_pct, 0,       24.287

MAP_STAGE_ONPATH_INT_REG_CONSUME_DIST_5_count, 0,       2008725
MAP_STAGE_ONPATH_INT_REG_CONSUME_DIST_5_pct, 0,       25.445
MAP_STAGE_ONPATH_INT_REG_CONSUME_DIST_5_total_count, 0,       6581783
MAP_STAGE_ONPATH_INT_REG_CONSUME_DIST_5_total_pct, 0,       25.725

MAP_STAGE_ONPATH_VEC_REG_CONSUME_DIST_5_count, 0,             5
MAP_STAGE_ONPATH_VEC_REG_CONSUME_DIST_5_pct, 0,        5.000
MAP_STAGE_ONPATH_VEC_REG_CONSUME_DIST_5_total_count, 0,          3296
MAP_STAGE_ONPATH_VEC_REG_CONSUME_DIST_5_total_pct, 0,     1098.667

MAP_STAGE_ONPATH_INT_REG_CONSUME_DIST_6_count, 0,       1361089
MAP_STAGE_ONPATH_INT_REG_CONSUME_DIST_6_pct, 0,       53.686
MAP_STAGE_ONPATH_INT_REG_CONSUME_DIST_6_total_count, 0,       4356536
MAP_STAGE_ONPATH_INT_REG_CONSUME_DIST_6_total_pct, 0,       52.640

MAP_STAGE_ONPATH_VEC_REG_CONSUME_DIST_6_count, 0,           179
MAP_STAGE_ONPATH_VEC_REG_CONSUME_DIST_6_pct, 0,       25.571
MAP_STAGE_ONPATH_VEC_REG_CONSUME_DIST_6_total_count, 0,           550
MAP_STAGE_ONPATH_VEC_REG_CONSUME_DIST_6_total_pct, 0,       39.286

MAP_STAGE_ONPATH_INT_REG_CONSUME_DIST_7_PLUS_count, 0,       6970239
MAP_STAGE_ONPATH_INT_REG_CONSUME_DIST_7_PLUS_pct, 0,      187.241
MAP_STAGE_ONPATH_INT_REG_CONSUME_DIST_7_PLUS_total_count, 0,      22501537
MAP_STAGE_ONPATH_INT_REG_CONSUME_DIST_7_PLUS_total_pct, 0,      187.694

MAP_STAGE_ONPATH_VEC_REG_CONSUME_DIST_7_PLUS_count, 0,        280564
MAP_STAGE_ONPATH_VEC_REG_CONSUME_DIST_7_PLUS_pct, 0,       27.737
MAP_STAGE_ONPATH_VEC_REG_CONSUME_DIST_7_PLUS_total_count, 0,        998484
MAP_STAGE_ONPATH_VEC_REG_CONSUME_DIST_7_PLUS_total_pct, 0,       30.859

MAP_STAGE_INT_REG_ISSUE_READ_TOTAL_CONSUMED_count, 0,      13116207
MAP_STAGE_INT_REG_ISSUE_READ_TOTAL_CONSUMED_pct, 0,        4.686
MAP_STAGE_INT_REG_ISSUE_READ_TOTAL_CONSUMED_total_count, 0,      39063273
MAP_STAGE_INT_REG_ISSUE_READ_TOTAL_CONSUMED_total_pct, 0,        4.688

MAP_STAGE_VEC_REG_ISSUE_READ_TOTAL_CONSUMED_count, 0,        971763
MAP_STAGE_VEC_REG_ISSUE_READ_TOTAL_CONSUMED_pct, 0,        0.347
MAP_STAGE_VEC_REG_ISSUE_READ_TOTAL_CONSUMED_total_count, 0,       3137897
MAP_STAGE_VEC_REG_ISSUE_READ_TOTAL_CONSUMED_total_pct, 0,        0.377

MAP_STAGE_INT_REG_ISSUE_READ_MULTI_CONSUMED_count, 0,       6253650
MAP_STAGE_INT_REG_ISSUE_READ_MULTI_CONSUMED_pct, 0,        2.234
MAP_STAGE_INT_REG_ISSUE_READ_MULTI_CONSUMED_total_count, 0,      18900669
MAP_STAGE_INT_REG_ISSUE_READ_MULTI_CONSUMED_total_pct, 0,        2.268

MAP_STAGE_VEC_REG_ISSUE_READ_MULTI_CONSUMED_count, 0,        312405
MAP_STAGE_VEC_REG_ISSUE_READ_MULTI_CONSUMED_pct, 0,        0.112
MAP_STAGE_VEC_REG_ISSUE_READ_MULTI_CONSUMED_total_count, 0,       1009504
MAP_STAGE_VEC_REG_ISSUE_READ_MULTI_CONSUMED_total_pct, 0,        0.121

MAP_STAGE_INT_REG_ISSUE_READ_SAME_CYCLE_CONSUMED_count, 0,       2548493
MAP_STAGE_INT_REG_ISSUE_READ_SAME_CYCLE_CONSUMED_pct, 0,        0.911
MAP_STAGE_INT_REG_ISSUE_READ_SAME_CYCLE_CONSUMED_total_count, 0,       7672435
MAP_STAGE_INT_REG_ISSUE_READ_SAME_CYCLE_CONSUMED_total_pct, 0,        0.921

MAP_STAGE_VEC_REG_ISSUE_READ_SAME_CYCLE_CONSUMED_count, 0,         79126
MAP_STAGE_VEC_REG_ISSUE_READ_SAME_CYCLE_CONSUMED_pct, 0,        0.028
MAP_STAGE_VEC_REG_ISSUE_READ_SAME_CYCLE_CONSUMED_total_count, 0,        254019
MAP_STAGE_VEC_REG_ISSUE_READ_SAME_CYCLE_CONSUMED_total_pct, 0,        0.030

MAP_STAGE_INT_REG_ISSUE_READ_TOTAL_CONSUMED_ONPATH_count, 0,      13003527
MAP_STAGE_INT_REG_ISSUE_READ_TOTAL_CONSUMED_ONPATH_pct, 0,        4.764
MAP_STAGE_INT_REG_ISSUE_READ_TOTAL_CONSUMED_ONPATH_total_count, 0,      38692289
MAP_STAGE_INT_REG_ISSUE_READ_TOTAL_CONSUMED_ONPATH_total_pct, 0,        4.782

MAP_STAGE_VEC_REG_ISSUE_READ_TOTAL_CONSUMED_ONPATH_count, 0,        963293
MAP_STAGE_VEC_REG_ISSUE_READ_TOTAL_CONSUMED_ONPATH_pct, 0,        0.353
MAP_STAGE_VEC_REG_ISSUE_READ_TOTAL_CONSUMED_ONPATH_total_count, 0,       3110691
MAP_STAGE_VEC_REG_ISSUE_READ_TOTAL_CONSUMED_ONPATH_total_pct, 0,        0.384

MAP_STAGE_INT_REG_ISSUE_READ_MULTI_CONSUMED_ONPATH_count, 0,       6193530
MAP_STAGE_INT_REG_ISSUE_READ_MULTI_CONSUMED_ONPATH_pct, 0,        2.269
MAP_STAGE_INT_REG_ISSUE_READ_MULTI_CONSUMED_ONPATH_total_count, 0,      18704272
MAP_STAGE_INT_REG_ISSUE_READ_MULTI_CONSUMED_ONPATH_total_pct, 0,        2.312

MAP_STAGE_VEC_REG_ISSUE_READ_MULTI_CONSUMED_ONPATH_count, 0,        310434
MAP_STAGE_VEC_REG_ISSUE_READ_MULTI_CONSUMED_ONPATH_pct, 0,        0.114
MAP_STAGE_VEC_REG_ISSUE_READ_MULTI_CONSUMED_ONPATH_total_count, 0,       1003179
MAP_STAGE_VEC_REG_ISSUE_READ_MULTI_CONSUMED_ONPATH_total_pct, 0,        0.124

MAP_STAGE_INT_REG_ISSUE_READ_SAME_CYCLE_CONSUMED_ONPATH_count, 0,       2520822
MAP_STAGE_INT_REG_ISSUE_READ_SAME_CYCLE_CONSUMED_ONPATH_pct, 0,        0.923
MAP_STAGE_INT_REG_ISSUE_READ_SAME_CYCLE_CONSUMED_ONPATH_total_count, 0,       7582088
MAP_STAGE_INT_REG_ISSUE_READ_SAME_CYCLE_CONSUMED_ONPATH_total_pct, 0,        0.937

MAP_STAGE_VEC_REG_ISSUE_READ_SAME_CYCLE_CONSUMED_ONPATH_count, 0,         78277
MAP_STAGE_VEC_REG_ISSUE_READ_SAME_CYCLE_CONSUMED_ONPATH_pct, 0,        0.029
MAP_STAGE_VEC_REG_ISSUE_READ_SAME_CYCLE_CONSUMED_ONPATH_total_count, 0,        251374
MAP_STAGE_VEC_REG_ISSUE_READ_SAME_CYCLE_CONSUMED_ONPATH_total_pct, 0,        0.031

MAP_STAGE_ONPATH_INT_REG_LIFECYCLE_EMPTY_count, 0,     295054738
MAP_STAGE_ONPATH_INT_REG_LIFECYCLE_EMPTY_total_count, 0,     934818839

MAP_STAGE_ONPATH_VEC_REG_LIFECYCLE_EMPTY_count, 0,      40532752
MAP_STAGE_ONPATH_VEC_REG_LIFECYCLE_EMPTY_total_count, 0,     139985815

MAP_STAGE_ONPATH_INT_REG_LIFECYCLE_IN_USE_count, 0,     404165460
MAP_STAGE_ONPATH_INT_REG_LIFECYCLE_IN_USE_total_count, 0,    1239561034

MAP_STAGE_ONPATH_VEC_REG_LIFECYCLE_IN_USE_count, 0,      44145222
MAP_STAGE_ONPATH_VEC_REG_LIFECYCLE_IN_USE_total_count, 0,     151113601

MAP_STAGE_ONPATH_INT_REG_LIFECYCLE_SPEC_RELEASE_count, 0,     622444413
MAP_STAGE_ONPATH_INT_REG_LIFECYCLE_SPEC_RELEASE_total_count, 0,    1889183644

MAP_STAGE_ONPATH_VEC_REG_LIFECYCLE_SPEC_RELEASE_count, 0,     105153604
MAP_STAGE_ONPATH_VEC_REG_LIFECYCLE_SPEC_RELEASE_total_count, 0,     334127480

MAP_STAGE_ONPATH_INT_REG_LIFECYCLE_NONSPEC_RELEASE_count, 0,     622444413
MAP_STAGE_ONPATH_INT_REG_LIFECYCLE_NONSPEC_RELEASE_total_count, 0,    1889183644

MAP_STAGE_ONPATH_VEC_REG_LIFECYCLE_NONSPEC_RELEASE_count, 0,     105153604
MAP_STAGE_ONPATH_VEC_REG_LIFECYCLE_NONSPEC_RELEASE_total_count, 0,     334127480

MAP_STAGE_ONPATH_INT_REG_LIFECYCLE_TOTAL_count, 0,     622444413
MAP_STAGE_ONPATH_INT_REG_LIFECYCLE_TOTAL_total_count, 0,    1889183644

MAP_STAGE_ONPATH_VEC_REG_LIFECYCLE_TOTAL_count, 0,     105153604
MAP_STAGE_ONPATH_VEC_REG_LIFECYCLE_TOTAL_total_count, 0,     334127480

MAP_STAGE_ONPATH_INT_REG_NUM_NONBRANCH_count, 0,       7210098
MAP_STAGE_ONPATH_INT_REG_NUM_NONBRANCH_total_count, 0,      20788229

MAP_STAGE_ONPATH_VEC_REG_NUM_NONBRANCH_count, 0,        721786
MAP_STAGE_ONPATH_VEC_REG_NUM_NONBRANCH_total_count, 0,       2330151

MAP_STAGE_ONPATH_INT_REG_NUM_NONEXCEPT_count, 0,       7210098
MAP_STAGE_ONPATH_INT_REG_NUM_NONEXCEPT_total_count, 0,      20788229

MAP_STAGE_ONPATH_VEC_REG_NUM_NONEXCEPT_count, 0,        721786
MAP_STAGE_ONPATH_VEC_REG_NUM_NONEXCEPT_total_count, 0,       2330151

MAP_STAGE_ONPATH_INT_REG_NUM_ATOMIC_count, 0,       7210098
MAP_STAGE_ONPATH_INT_REG_NUM_ATOMIC_total_count, 0,      20788229

MAP_STAGE_ONPATH_VEC_REG_NUM_ATOMIC_count, 0,        721786
MAP_STAGE_ONPATH_VEC_REG_NUM_ATOMIC_total_count, 0,       2330151

MAP_STAGE_ONPATH_INT_REG_ATOMIC_REDEFINED_DIST_TOTAL_count, 0,     622444413
MAP_STAGE_ONPATH_INT_REG_ATOMIC_REDEFINED_DIST_TOTAL_pct, 0,       86.330
MAP_STAGE_ONPATH_INT_REG_ATOMIC_REDEFINED_DIST_TOTAL_total_count, 0,    1889183644
MAP_STAGE_ONPATH_INT_REG_ATOMIC_REDEFINED_DIST_TOTAL_total_pct, 0,       90.878

MAP_STAGE_ONPATH_VEC_REG_ATOMIC_REDEFINED_DIST_TOTAL_count, 0,     105153604
MAP_STAGE_ONPATH_VEC_REG_ATOMIC_REDEFINED_DIST_TOTAL_pct, 0,      145.685
MAP_STAGE_ONPATH_VEC_REG_ATOMIC_REDEFINED_DIST_TOTAL_total_count, 0,     334127480
MAP_STAGE_ONPATH_VEC_REG_ATOMIC_REDEFINED_DIST_TOTAL_total_pct, 0,      143.393

MAP_STAGE_ONPATH_INT_REG_ATOMIC_CONSUMED_DIST_TOTAL_count, 0,     404165460
MAP_STAGE_ONPATH_INT_REG_ATOMIC_CONSUMED_DIST_TOTAL_pct, 0,       56.055
MAP_STAGE_ONPATH_INT_REG_ATOMIC_CONSUMED_DIST_TOTAL_total_count, 0,    1239561034
MAP_STAGE_ONPATH_INT_REG_ATOMIC_CONSUMED_DIST_TOTAL_total_pct, 0,       59.628

MAP_STAGE_ONPATH_VEC_REG_ATOMIC_CONSUMED_DIST_TOTAL_count, 0,      44145222
MAP_STAGE_ONPATH_VEC_REG_ATOMIC_CONSUMED_DIST_TOTAL_pct, 0,       61.161
MAP_STAGE_ONPATH_VEC_REG_ATOMIC_CONSUMED_DIST_TOTAL_total_count, 0,     151113601
MAP_STAGE_ONPATH_VEC_REG_ATOMIC_CONSUMED_DIST_TOTAL_total_pct, 0,       64.851

MAP_STAGE_ONPATH_INT_REG_ATOMIC_RELEASE_DIST_TOTAL_count, 0,     622444413
MAP_STAGE_ONPATH_INT_REG_ATOMIC_RELEASE_DIST_TOTAL_pct, 0,       86.330
MAP_STAGE_ONPATH_INT_REG_ATOMIC_RELEASE_DIST_TOTAL_total_count, 0,    1889183644
MAP_STAGE_ONPATH_INT_REG_ATOMIC_RELEASE_DIST_TOTAL_total_pct, 0,       90.878

MAP_STAGE_ONPATH_VEC_REG_ATOMIC_RELEASE_DIST_TOTAL_count, 0,     105153604
MAP_STAGE_ONPATH_VEC_REG_ATOMIC_RELEASE_DIST_TOTAL_pct, 0,      145.685
MAP_STAGE_ONPATH_VEC_REG_ATOMIC_RELEASE_DIST_TOTAL_total_count, 0,     334127480
MAP_STAGE_ONPATH_VEC_REG_ATOMIC_RELEASE_DIST_TOTAL_total_pct, 0,      143.393

EXEC_STAGE_STARVED_count, 414,       2937755
EXEC_STAGE_STARVED_total_count, 414,       8895854

EXEC_STAGE_NOT_STARVED_count, 414,        344379
EXEC_STAGE_NOT_STARVED_total_count, 414,       1209053

EXEC_STAGE_OFF_PATH_count, 414,        116692
EXEC_STAGE_OFF_PATH_total_count, 414,        409965

FU_BUSY_0_count, 0,       1735656
FU_BUSY_0_total_count, 0,       5005196

FU_BUSY_1_count, 0,       1368794
FU_BUSY_1_total_count, 0,       3965734

FU_BUSY_2_count, 0,       1124017
FU_BUSY_2_total_count, 0,       3544079

FU_BUSY_3_count, 0,       1154061
FU_BUSY_3_total_count, 0,       3577458

FU_BUSY_4_count, 0,       1241859
FU_BUSY_4_total_count, 0,       3625648

FU_BUSY_5_count, 0,       1842259
FU_BUSY_5_total_count, 0,       5339523

FU_BUSY_6_count, 0,        803012
FU_BUSY_6_total_count, 0,       2513508

FU_BUSY_7_count, 0,        825834
FU_BUSY_7_total_count, 0,       2499560

FU_BUSY_8_count, 0,       1362272
FU_BUSY_8_total_count, 0,       3973069

FU_BUSY_9_count, 0,       1134482
FU_BUSY_9_total_count, 0,       3547474

FU_BUSY_10_count, 0,             0
FU_BUSY_10_total_count, 0,             0

FU_BUSY_11_count, 0,             0
FU_BUSY_11_total_count, 0,             0

FU_BUSY_12_count, 0,             0
FU_BUSY_12_total_count, 0,             0

FU_BUSY_13_count, 0,             0
FU_BUSY_13_total_count, 0,             0

FU_BUSY_14_count, 0,             0
FU_BUSY_14_total_count, 0,             0

FU_BUSY_15_count, 0,             0
FU_BUSY_15_total_count, 0,             0

FU_BUSY_16_count, 0,             0
FU_BUSY_16_total_count, 0,             0

FU_BUSY_17_count, 0,             0
FU_BUSY_17_total_count, 0,             0

FU_BUSY_18_count, 0,             0
FU_BUSY_18_total_count, 0,             0

FU_BUSY_19_count, 0,             0
FU_BUSY_19_total_count, 0,             0

FU_BUSY_20_count, 0,             0
FU_BUSY_20_total_count, 0,             0

FU_BUSY_21_count, 0,             0
FU_BUSY_21_total_count, 0,             0

FU_BUSY_22_count, 0,             0
FU_BUSY_22_total_count, 0,             0

FU_BUSY_23_count, 0,             0
FU_BUSY_23_total_count, 0,             0

FU_BUSY_24_count, 0,             0
FU_BUSY_24_total_count, 0,             0

FU_BUSY_25_count, 0,             0
FU_BUSY_25_total_count, 0,             0

FU_BUSY_26_count, 0,             0
FU_BUSY_26_total_count, 0,             0

FU_BUSY_27_count, 0,             0
FU_BUSY_27_total_count, 0,             0

FU_BUSY_28_count, 0,             0
FU_BUSY_28_total_count, 0,             0

FU_BUSY_29_count, 0,             0
FU_BUSY_29_total_count, 0,             0

FU_BUSY_30_count, 0,             0
FU_BUSY_30_total_count, 0,             0

FU_BUSY_31_count, 0,             0
FU_BUSY_31_total_count, 0,             0

FU_REJECTED_OP_INV_NOT_SIMD_count, 415,             0
FU_REJECTED_OP_INV_NOT_SIMD_total_count, 415,             0

FU_REJECTED_OP_NOP_NOT_SIMD_count, 415,             0
FU_REJECTED_OP_NOP_NOT_SIMD_total_count, 415,             0

FU_REJECTED_OP_CF_NOT_SIMD_count, 415,             8
FU_REJECTED_OP_CF_NOT_SIMD_total_count, 415,            74

FU_REJECTED_OP_MOV_NOT_SIMD_count, 415,            10
FU_REJECTED_OP_MOV_NOT_SIMD_total_count, 415,            66

FU_REJECTED_OP_CMOV_NOT_SIMD_count, 415,             0
FU_REJECTED_OP_CMOV_NOT_SIMD_total_count, 415,             0

FU_REJECTED_OP_LDA_NOT_SIMD_count, 415,             0
FU_REJECTED_OP_LDA_NOT_SIMD_total_count, 415,             0

FU_REJECTED_OP_IMEM_NOT_SIMD_count, 415,        191712
FU_REJECTED_OP_IMEM_NOT_SIMD_total_count, 415,        704572

FU_REJECTED_OP_IADD_NOT_SIMD_count, 415,         10013
FU_REJECTED_OP_IADD_NOT_SIMD_total_count, 415,         36923

FU_REJECTED_OP_IMUL_NOT_SIMD_count, 415,           101
FU_REJECTED_OP_IMUL_NOT_SIMD_total_count, 415,           392

FU_REJECTED_OP_IDIV_NOT_SIMD_count, 415,             0
FU_REJECTED_OP_IDIV_NOT_SIMD_total_count, 415,             0

FU_REJECTED_OP_ICMP_NOT_SIMD_count, 415,             0
FU_REJECTED_OP_ICMP_NOT_SIMD_total_count, 415,             0

FU_REJECTED_OP_LOGIC_NOT_SIMD_count, 415,             0
FU_REJECTED_OP_LOGIC_NOT_SIMD_total_count, 415,             0

FU_REJECTED_OP_SHIFT_NOT_SIMD_count, 415,             0
FU_REJECTED_OP_SHIFT_NOT_SIMD_total_count, 415,             0

FU_REJECTED_OP_FMEM_NOT_SIMD_count, 415,             0
FU_REJECTED_OP_FMEM_NOT_SIMD_total_count, 415,             0

FU_REJECTED_OP_FCVT_NOT_SIMD_count, 415,             0
FU_REJECTED_OP_FCVT_NOT_SIMD_total_count, 415,             0

FU_REJECTED_OP_FADD_NOT_SIMD_count, 415,             0
FU_REJECTED_OP_FADD_NOT_SIMD_total_count, 415,             0

FU_REJECTED_OP_FMUL_NOT_SIMD_count, 415,             0
FU_REJECTED_OP_FMUL_NOT_SIMD_total_count, 415,             0

FU_REJECTED_OP_FMA_NOT_SIMD_count, 415,             0
FU_REJECTED_OP_FMA_NOT_SIMD_total_count, 415,             0

FU_REJECTED_OP_FDIV_NOT_SIMD_count, 415,             0
FU_REJECTED_OP_FDIV_NOT_SIMD_total_count, 415,             0

FU_REJECTED_OP_FCMP_NOT_SIMD_count, 415,             0
FU_REJECTED_OP_FCMP_NOT_SIMD_total_count, 415,             0

FU_REJECTED_OP_FCMOV_NOT_SIMD_count, 415,             0
FU_REJECTED_OP_FCMOV_NOT_SIMD_total_count, 415,             0

FU_REJECTED_OP_GATHER_NOT_SIMD_count, 415,             0
FU_REJECTED_OP_GATHER_NOT_SIMD_total_count, 415,             0

FU_REJECTED_OP_SCATTER_NOT_SIMD_count, 415,             0
FU_REJECTED_OP_SCATTER_NOT_SIMD_total_count, 415,             0

FU_REJECTED_OP_PIPELINED_FAST_NOT_SIMD_count, 415,             0
FU_REJECTED_OP_PIPELINED_FAST_NOT_SIMD_total_count, 415,             0

FU_REJECTED_OP_PIPELINED_MEDIUM_NOT_SIMD_count, 415,             0
FU_REJECTED_OP_PIPELINED_MEDIUM_NOT_SIMD_total_count, 415,             0

FU_REJECTED_OP_PIPELINED_SLOW_NOT_SIMD_count, 415,             0
FU_REJECTED_OP_PIPELINED_SLOW_NOT_SIMD_total_count, 415,             0

FU_REJECTED_OP_NOTPIPELINED_MEDIUM_NOT_SIMD_count, 415,             0
FU_REJECTED_OP_NOTPIPELINED_MEDIUM_NOT_SIMD_total_count, 415,             0

FU_REJECTED_OP_NOTPIPELINED_SLOW_NOT_SIMD_count, 415,             0
FU_REJECTED_OP_NOTPIPELINED_SLOW_NOT_SIMD_total_count, 415,             0

FU_REJECTED_OP_NOTPIPELINED_VERY_SLOW_NOT_SIMD_count, 415,             0
FU_REJECTED_OP_NOTPIPELINED_VERY_SLOW_NOT_SIMD_total_count, 415,             0

FU_REJECTED_OP_INV_SIMD_count, 415,             0
FU_REJECTED_OP_INV_SIMD_total_count, 415,             0

FU_REJECTED_OP_NOP_SIMD_count, 415,             0
FU_REJECTED_OP_NOP_SIMD_total_count, 415,             0

FU_REJECTED_OP_CF_SIMD_count, 415,             0
FU_REJECTED_OP_CF_SIMD_total_count, 415,             0

FU_REJECTED_OP_MOV_SIMD_count, 415,            85
FU_REJECTED_OP_MOV_SIMD_total_count, 415,           223

FU_REJECTED_OP_CMOV_SIMD_count, 415,             0
FU_REJECTED_OP_CMOV_SIMD_total_count, 415,             0

FU_REJECTED_OP_LDA_SIMD_count, 415,             0
FU_REJECTED_OP_LDA_SIMD_total_count, 415,             0

FU_REJECTED_OP_IMEM_SIMD_count, 415,             0
FU_REJECTED_OP_IMEM_SIMD_total_count, 415,             0

FU_REJECTED_OP_IADD_SIMD_count, 415,             0
FU_REJECTED_OP_IADD_SIMD_total_count, 415,             0

FU_REJECTED_OP_IMUL_SIMD_count, 415,            15
FU_REJECTED_OP_IMUL_SIMD_total_count, 415,            44

FU_REJECTED_OP_IDIV_SIMD_count, 415,             0
FU_REJECTED_OP_IDIV_SIMD_total_count, 415,             0

FU_REJECTED_OP_ICMP_SIMD_count, 415,             0
FU_REJECTED_OP_ICMP_SIMD_total_count, 415,             0

FU_REJECTED_OP_LOGIC_SIMD_count, 415,             0
FU_REJECTED_OP_LOGIC_SIMD_total_count, 415,             0

FU_REJECTED_OP_SHIFT_SIMD_count, 415,             0
FU_REJECTED_OP_SHIFT_SIMD_total_count, 415,             0

FU_REJECTED_OP_FMEM_SIMD_count, 415,             0
FU_REJECTED_OP_FMEM_SIMD_total_count, 415,             0

FU_REJECTED_OP_FCVT_SIMD_count, 415,         88930
FU_REJECTED_OP_FCVT_SIMD_total_count, 415,        283802

FU_REJECTED_OP_FADD_SIMD_count, 415,         23354
FU_REJECTED_OP_FADD_SIMD_total_count, 415,         77990

FU_REJECTED_OP_FMUL_SIMD_count, 415,             0
FU_REJECTED_OP_FMUL_SIMD_total_count, 415,             0

FU_REJECTED_OP_FMA_SIMD_count, 415,             0
FU_REJECTED_OP_FMA_SIMD_total_count, 415,             0

FU_REJECTED_OP_FDIV_SIMD_count, 415,             0
FU_REJECTED_OP_FDIV_SIMD_total_count, 415,             0

FU_REJECTED_OP_FCMP_SIMD_count, 415,             0
FU_REJECTED_OP_FCMP_SIMD_total_count, 415,             0

FU_REJECTED_OP_FCMOV_SIMD_count, 415,             0
FU_REJECTED_OP_FCMOV_SIMD_total_count, 415,             0

FU_REJECTED_OP_GATHER_SIMD_count, 415,             0
FU_REJECTED_OP_GATHER_SIMD_total_count, 415,             0

FU_REJECTED_OP_SCATTER_SIMD_count, 415,             0
FU_REJECTED_OP_SCATTER_SIMD_total_count, 415,             0

FU_REJECTED_OP_PIPELINED_FAST_SIMD_count, 415,             0
FU_REJECTED_OP_PIPELINED_FAST_SIMD_total_count, 415,             0

FU_REJECTED_OP_PIPELINED_MEDIUM_SIMD_count, 415,             0
FU_REJECTED_OP_PIPELINED_MEDIUM_SIMD_total_count, 415,             0

FU_REJECTED_OP_PIPELINED_SLOW_SIMD_count, 415,             0
FU_REJECTED_OP_PIPELINED_SLOW_SIMD_total_count, 415,             0

FU_REJECTED_OP_NOTPIPELINED_MEDIUM_SIMD_count, 415,             0
FU_REJECTED_OP_NOTPIPELINED_MEDIUM_SIMD_total_count, 415,             0

FU_REJECTED_OP_NOTPIPELINED_SLOW_SIMD_count, 415,             0
FU_REJECTED_OP_NOTPIPELINED_SLOW_SIMD_total_count, 415,             0

FU_REJECTED_OP_NOTPIPELINED_VERY_SLOW_SIMD_count, 415,             0
FU_REJECTED_OP_NOTPIPELINED_VERY_SLOW_SIMD_total_count, 415,             0

LSQ_FULL_TOTAL_count, 0,        436920
LSQ_FULL_TOTAL_total_count, 0,       1429311

LSQ_FULL_LOAD_QUEUE_count, 0,        225292
LSQ_FULL_LOAD_QUEUE_total_count, 0,        731909

LSQ_FULL_STORE_QUEUE_count, 0,        211628
LSQ_FULL_STORE_QUEUE_total_count, 0,        697402

OP_WAIT_0_count, 0,       7073236
OP_WAIT_0_total_count, 0,      21513953

OP_WAIT_1_count, 0,       2113383
OP_WAIT_1_total_count, 0,       5226559

OP_WAIT_2_count, 0,        522935
OP_WAIT_2_total_count, 0,       1433115

OP_WAIT_3_count, 0,        301811
OP_WAIT_3_total_count, 0,        919187

OP_WAIT_4_count, 0,        203423
OP_WAIT_4_total_count, 0,        640775

OP_WAIT_5_count, 0,        130950
OP_WAIT_5_total_count, 0,        431280

OP_WAIT_6_count, 0,        145423
OP_WAIT_6_total_count, 0,        479003

OP_WAIT_7_count, 0,        168647
OP_WAIT_7_total_count, 0,        555968

OP_WAIT_8_count, 0,         96831
OP_WAIT_8_total_count, 0,        326069

OP_WAIT_9_count, 0,         82651
OP_WAIT_9_total_count, 0,        262207

OP_WAIT_10_count, 0,         66938
OP_WAIT_10_total_count, 0,        208929

OP_WAIT_11_count, 0,         53125
OP_WAIT_11_total_count, 0,        164984

OP_WAIT_12_count, 0,         55637
OP_WAIT_12_total_count, 0,        154089

OP_WAIT_13_count, 0,         52881
OP_WAIT_13_total_count, 0,        153265

OP_WAIT_14_count, 0,         51867
OP_WAIT_14_total_count, 0,        159219

OP_WAIT_15_count, 0,         51225
OP_WAIT_15_total_count, 0,        162025

OP_WAIT_16_count, 0,         35782
OP_WAIT_16_total_count, 0,        110269

OP_WAIT_17_count, 0,         25689
OP_WAIT_17_total_count, 0,         77733

OP_WAIT_18_count, 0,         24102
OP_WAIT_18_total_count, 0,         76978

OP_WAIT_19_count, 0,         19770
OP_WAIT_19_total_count, 0,         63900

OP_WAIT_20_count, 0,         19508
OP_WAIT_20_total_count, 0,         63115

OP_WAIT_21_count, 0,         20276
OP_WAIT_21_total_count, 0,         68926

OP_WAIT_22_count, 0,         22554
OP_WAIT_22_total_count, 0,         77115

OP_WAIT_23_count, 0,         24929
OP_WAIT_23_total_count, 0,         83991

OP_WAIT_24_count, 0,         28766
OP_WAIT_24_total_count, 0,         92196

OP_WAIT_25_count, 0,         27065
OP_WAIT_25_total_count, 0,         86116

OP_WAIT_26_count, 0,         23688
OP_WAIT_26_total_count, 0,         76956

OP_WAIT_27_count, 0,         20725
OP_WAIT_27_total_count, 0,         65897

OP_WAIT_28_count, 0,         18094
OP_WAIT_28_total_count, 0,         57137

OP_WAIT_29_count, 0,         17622
OP_WAIT_29_total_count, 0,         55449

OP_WAIT_30_count, 0,         14590
OP_WAIT_30_total_count, 0,         47013

OP_WAIT_31_count, 0,        502097
OP_WAIT_31_total_count, 0,       1652981

ROW_SIZE_0_count, 0,       1449819
ROW_SIZE_0_total_count, 0,       4608470

ROW_SIZE_1_count, 0,        302889
ROW_SIZE_1_total_count, 0,        978416

ROW_SIZE_2_count, 0,         37331
ROW_SIZE_2_total_count, 0,        121202

ROW_SIZE_3_count, 0,         26639
ROW_SIZE_3_total_count, 0,         88732

ROW_SIZE_4_count, 0,         59199
ROW_SIZE_4_total_count, 0,        157764

ROW_SIZE_5_count, 0,         43929
ROW_SIZE_5_total_count, 0,        142008

ROW_SIZE_6_count, 0,        113151
ROW_SIZE_6_total_count, 0,        297977

ROW_SIZE_7_count, 0,        209323
ROW_SIZE_7_total_count, 0,        670463

ROW_SIZE_8_count, 0,       1119768
ROW_SIZE_8_total_count, 0,       3279648

ROW_SIZE_9_count, 0,             0
ROW_SIZE_9_total_count, 0,             0

ROW_SIZE_10_count, 0,             0
ROW_SIZE_10_total_count, 0,             0

ROW_SIZE_11_count, 0,             0
ROW_SIZE_11_total_count, 0,             0

ROW_SIZE_12_count, 0,             0
ROW_SIZE_12_total_count, 0,             0

ROW_SIZE_13_count, 0,             0
ROW_SIZE_13_total_count, 0,             0

ROW_SIZE_14_count, 0,             0
ROW_SIZE_14_total_count, 0,             0

ROW_SIZE_15_count, 0,             0
ROW_SIZE_15_total_count, 0,             0

ROW_SIZE_16_count, 0,             0
ROW_SIZE_16_total_count, 0,             0

ROW_SIZE_17_count, 0,             0
ROW_SIZE_17_total_count, 0,             0

ROW_SIZE_18_count, 0,             0
ROW_SIZE_18_total_count, 0,             0

ROW_SIZE_19_count, 0,             0
ROW_SIZE_19_total_count, 0,             0

ROW_SIZE_20_count, 0,             0
ROW_SIZE_20_total_count, 0,             0

ROW_SIZE_21_count, 0,             0
ROW_SIZE_21_total_count, 0,             0

ROW_SIZE_22_count, 0,             0
ROW_SIZE_22_total_count, 0,             0

ROW_SIZE_23_count, 0,             0
ROW_SIZE_23_total_count, 0,             0

ROW_SIZE_24_count, 0,             0
ROW_SIZE_24_total_count, 0,             0

ROW_SIZE_25_count, 0,             0
ROW_SIZE_25_total_count, 0,             0

ROW_SIZE_26_count, 0,             0
ROW_SIZE_26_total_count, 0,             0

ROW_SIZE_27_count, 0,             0
ROW_SIZE_27_total_count, 0,             0

ROW_SIZE_28_count, 0,             0
ROW_SIZE_28_total_count, 0,             0

ROW_SIZE_29_count, 0,             0
ROW_SIZE_29_total_count, 0,             0

ROW_SIZE_30_count, 0,             0
ROW_SIZE_30_total_count, 0,             0

ROW_SIZE_31_count, 0,             0
ROW_SIZE_31_total_count, 0,             0

RET_OP_EXEC_COUNT_0_count, 416,             0
RET_OP_EXEC_COUNT_0_total_count, 416,             0

RET_OP_EXEC_COUNT_1_count, 416,      12016220
RET_OP_EXEC_COUNT_1_total_count, 416,      35546399

RET_OP_EXEC_COUNT_2_count, 416,             0
RET_OP_EXEC_COUNT_2_total_count, 416,             0

RET_OP_EXEC_COUNT_3_count, 416,             0
RET_OP_EXEC_COUNT_3_total_count, 416,             0

RET_OP_EXEC_COUNT_4_count, 416,             0
RET_OP_EXEC_COUNT_4_total_count, 416,             0

RET_OP_EXEC_COUNT_5_count, 416,             0
RET_OP_EXEC_COUNT_5_total_count, 416,             0

RET_OP_EXEC_COUNT_6_count, 416,             0
RET_OP_EXEC_COUNT_6_total_count, 416,             0

RET_OP_EXEC_COUNT_7_count, 416,             0
RET_OP_EXEC_COUNT_7_total_count, 416,             0

RET_OP_EXEC_COUNT_8_count, 416,             0
RET_OP_EXEC_COUNT_8_total_count, 416,             0

RET_OP_EXEC_COUNT_9_count, 416,             0
RET_OP_EXEC_COUNT_9_total_count, 416,             0

RET_OP_EXEC_COUNT_10_count, 416,             0
RET_OP_EXEC_COUNT_10_total_count, 416,             0

RET_OP_EXEC_COUNT_11_count, 416,             0
RET_OP_EXEC_COUNT_11_total_count, 416,             0

RET_OP_EXEC_COUNT_12_count, 416,             0
RET_OP_EXEC_COUNT_12_total_count, 416,             0

RET_OP_EXEC_COUNT_13_count, 416,             0
RET_OP_EXEC_COUNT_13_total_count, 416,             0

RET_OP_EXEC_COUNT_14_count, 416,             0
RET_OP_EXEC_COUNT_14_total_count, 416,             0

RET_OP_EXEC_COUNT_15_count, 416,             0
RET_OP_EXEC_COUNT_15_total_count, 416,             0

RET_OP_EXEC_COUNT_16_count, 416,             0
RET_OP_EXEC_COUNT_16_total_count, 416,             0

RET_OP_EXEC_COUNT_17_count, 416,             0
RET_OP_EXEC_COUNT_17_total_count, 416,             0

RET_OP_EXEC_COUNT_18_count, 416,             0
RET_OP_EXEC_COUNT_18_total_count, 416,             0

RET_OP_EXEC_COUNT_19_count, 416,             0
RET_OP_EXEC_COUNT_19_total_count, 416,             0

RET_OP_EXEC_COUNT_20_count, 416,             0
RET_OP_EXEC_COUNT_20_total_count, 416,             0

RET_OP_EXEC_COUNT_21_count, 416,             0
RET_OP_EXEC_COUNT_21_total_count, 416,             0

RET_OP_EXEC_COUNT_22_count, 416,             0
RET_OP_EXEC_COUNT_22_total_count, 416,             0

RET_OP_EXEC_COUNT_23_count, 416,             0
RET_OP_EXEC_COUNT_23_total_count, 416,             0

RET_OP_EXEC_COUNT_24_count, 416,             0
RET_OP_EXEC_COUNT_24_total_count, 416,             0

RET_OP_EXEC_COUNT_25_count, 416,             0
RET_OP_EXEC_COUNT_25_total_count, 416,             0

RET_OP_EXEC_COUNT_26_count, 416,             0
RET_OP_EXEC_COUNT_26_total_count, 416,             0

RET_OP_EXEC_COUNT_27_count, 416,             0
RET_OP_EXEC_COUNT_27_total_count, 416,             0

RET_OP_EXEC_COUNT_28_count, 416,             0
RET_OP_EXEC_COUNT_28_total_count, 416,             0

RET_OP_EXEC_COUNT_29_count, 416,             0
RET_OP_EXEC_COUNT_29_total_count, 416,             0

RET_OP_EXEC_COUNT_30_count, 416,             0
RET_OP_EXEC_COUNT_30_total_count, 416,             0

RET_OP_EXEC_COUNT_31_count, 416,             0
RET_OP_EXEC_COUNT_31_total_count, 416,             0

RET_OP_EXEC_COUNT_32_count, 416,             0
RET_OP_EXEC_COUNT_32_total_count, 416,             0

RET_STALL_LENGTH_0_count, 417,      12016049
RET_STALL_LENGTH_0_total_count, 417,      35545582

RET_STALL_LENGTH_100_count, 417,           111
RET_STALL_LENGTH_100_total_count, 417,           538

RET_STALL_LENGTH_200_count, 417,            35
RET_STALL_LENGTH_200_total_count, 417,           198

RET_STALL_LENGTH_300_count, 417,             1
RET_STALL_LENGTH_300_total_count, 417,            21

RET_STALL_LENGTH_400_count, 417,             3
RET_STALL_LENGTH_400_total_count, 417,            12

RET_STALL_LENGTH_500_count, 417,             2
RET_STALL_LENGTH_500_total_count, 417,            13

RET_STALL_LENGTH_600_count, 417,             1
RET_STALL_LENGTH_600_total_count, 417,             6

RET_STALL_LENGTH_700_count, 417,             0
RET_STALL_LENGTH_700_total_count, 417,             1

RET_STALL_LENGTH_800_count, 417,             2
RET_STALL_LENGTH_800_total_count, 417,             3

RET_STALL_LENGTH_900_count, 417,            14
RET_STALL_LENGTH_900_total_count, 417,            16

RET_STALL_LENGTH_1000_count, 417,             1
RET_STALL_LENGTH_1000_total_count, 417,             2

RET_STALL_LENGTH_1100_count, 417,             0
RET_STALL_LENGTH_1100_total_count, 417,             3

RET_STALL_LENGTH_1200_count, 417,             0
RET_STALL_LENGTH_1200_total_count, 417,             3

RET_STALL_LENGTH_1300_count, 417,             1
RET_STALL_LENGTH_1300_total_count, 417,             1

RET_STALL_LENGTH_1400_count, 417,             0
RET_STALL_LENGTH_1400_total_count, 417,             0

RET_STALL_LENGTH_1500_count, 417,             0
RET_STALL_LENGTH_1500_total_count, 417,             0

RET_STALL_LENGTH_1600_count, 417,             0
RET_STALL_LENGTH_1600_total_count, 417,             0

RET_STALL_LENGTH_1700_count, 417,             0
RET_STALL_LENGTH_1700_total_count, 417,             0

RET_STALL_LENGTH_1800_count, 417,             0
RET_STALL_LENGTH_1800_total_count, 417,             0

RET_STALL_LENGTH_1900_count, 417,             0
RET_STALL_LENGTH_1900_total_count, 417,             0

RET_STALL_LENGTH_2000_count, 417,             0
RET_STALL_LENGTH_2000_total_count, 417,             0

RET_STALL_LENGTH_2100_count, 417,             0
RET_STALL_LENGTH_2100_total_count, 417,             0

RET_STALL_LENGTH_2200_count, 417,             0
RET_STALL_LENGTH_2200_total_count, 417,             0

RET_STALL_LENGTH_2300_count, 417,             0
RET_STALL_LENGTH_2300_total_count, 417,             0

RET_STALL_LENGTH_2400_count, 417,             0
RET_STALL_LENGTH_2400_total_count, 417,             0

RET_STALL_LENGTH_2500_count, 417,             0
RET_STALL_LENGTH_2500_total_count, 417,             0

RET_STALL_LENGTH_2600_count, 417,             0
RET_STALL_LENGTH_2600_total_count, 417,             0

RET_STALL_LENGTH_2700_count, 417,             0
RET_STALL_LENGTH_2700_total_count, 417,             0

RET_STALL_LENGTH_2800_count, 417,             0
RET_STALL_LENGTH_2800_total_count, 417,             0

RET_STALL_LENGTH_2900_count, 417,             0
RET_STALL_LENGTH_2900_total_count, 417,             0

RET_STALL_LENGTH_3000_count, 417,             0
RET_STALL_LENGTH_3000_total_count, 417,             0

RET_STALL_LENGTH_3100_count, 417,             0
RET_STALL_LENGTH_3100_total_count, 417,             0

RET_STALL_LENGTH_3200_count, 417,             0
RET_STALL_LENGTH_3200_total_count, 417,             0

RET_STALL_LENGTH_3300_count, 417,             0
RET_STALL_LENGTH_3300_total_count, 417,             0

RET_STALL_LENGTH_3400_count, 417,             0
RET_STALL_LENGTH_3400_total_count, 417,             0

RET_STALL_LENGTH_3500_count, 417,             0
RET_STALL_LENGTH_3500_total_count, 417,             0

RET_STALL_LENGTH_3600_count, 417,             0
RET_STALL_LENGTH_3600_total_count, 417,             0

RET_STALL_LENGTH_3700_count, 417,             0
RET_STALL_LENGTH_3700_total_count, 417,             0

RET_STALL_LENGTH_3800_count, 417,             0
RET_STALL_LENGTH_3800_total_count, 417,             0

RET_STALL_LENGTH_3900_count, 417,             0
RET_STALL_LENGTH_3900_total_count, 417,             0

RET_STALL_LENGTH_4000_count, 417,             0
RET_STALL_LENGTH_4000_total_count, 417,             0

RET_STALL_LENGTH_4100_count, 417,             0
RET_STALL_LENGTH_4100_total_count, 417,             0

RET_STALL_LENGTH_4200_count, 417,             0
RET_STALL_LENGTH_4200_total_count, 417,             0

RET_STALL_LENGTH_4300_count, 417,             0
RET_STALL_LENGTH_4300_total_count, 417,             0

RET_STALL_LENGTH_4400_count, 417,             0
RET_STALL_LENGTH_4400_total_count, 417,             0

RET_STALL_LENGTH_4500_count, 417,             0
RET_STALL_LENGTH_4500_total_count, 417,             0

RET_STALL_LENGTH_4600_count, 417,             0
RET_STALL_LENGTH_4600_total_count, 417,             0

RET_STALL_LENGTH_4700_count, 417,             0
RET_STALL_LENGTH_4700_total_count, 417,             0

RET_STALL_LENGTH_4800_count, 417,             0
RET_STALL_LENGTH_4800_total_count, 417,             0

RET_STALL_LENGTH_4900_count, 417,             0
RET_STALL_LENGTH_4900_total_count, 417,             0

RET_STALL_LENGTH_5000_count, 417,             0
RET_STALL_LENGTH_5000_total_count, 417,             0

MEM_BLOCK_LENGTH_0_count, 418,            30
MEM_BLOCK_LENGTH_0_total_count, 418,           143

MEM_BLOCK_LENGTH_100_count, 418,             0
MEM_BLOCK_LENGTH_100_total_count, 418,             4

MEM_BLOCK_LENGTH_200_count, 418,             0
MEM_BLOCK_LENGTH_200_total_count, 418,             1

MEM_BLOCK_LENGTH_300_count, 418,             0
MEM_BLOCK_LENGTH_300_total_count, 418,             0

MEM_BLOCK_LENGTH_400_count, 418,             0
MEM_BLOCK_LENGTH_400_total_count, 418,             0

MEM_BLOCK_LENGTH_500_count, 418,             0
MEM_BLOCK_LENGTH_500_total_count, 418,             0

MEM_BLOCK_LENGTH_600_count, 418,             0
MEM_BLOCK_LENGTH_600_total_count, 418,             0

MEM_BLOCK_LENGTH_700_count, 418,             0
MEM_BLOCK_LENGTH_700_total_count, 418,             0

MEM_BLOCK_LENGTH_800_count, 418,             0
MEM_BLOCK_LENGTH_800_total_count, 418,             0

MEM_BLOCK_LENGTH_900_count, 418,             0
MEM_BLOCK_LENGTH_900_total_count, 418,             0

MEM_BLOCK_LENGTH_1000_count, 418,             0
MEM_BLOCK_LENGTH_1000_total_count, 418,             0

MEM_BLOCK_LENGTH_1100_count, 418,             0
MEM_BLOCK_LENGTH_1100_total_count, 418,             0

MEM_BLOCK_LENGTH_1200_count, 418,             0
MEM_BLOCK_LENGTH_1200_total_count, 418,             0

MEM_BLOCK_LENGTH_1300_count, 418,             0
MEM_BLOCK_LENGTH_1300_total_count, 418,             1

MEM_BLOCK_LENGTH_1400_count, 418,             0
MEM_BLOCK_LENGTH_1400_total_count, 418,             0

MEM_BLOCK_LENGTH_1500_count, 418,             0
MEM_BLOCK_LENGTH_1500_total_count, 418,             0

MEM_BLOCK_LENGTH_1600_count, 418,             0
MEM_BLOCK_LENGTH_1600_total_count, 418,             0

MEM_BLOCK_LENGTH_1700_count, 418,             0
MEM_BLOCK_LENGTH_1700_total_count, 418,             0

MEM_BLOCK_LENGTH_1800_count, 418,             0
MEM_BLOCK_LENGTH_1800_total_count, 418,             0

MEM_BLOCK_LENGTH_1900_count, 418,             0
MEM_BLOCK_LENGTH_1900_total_count, 418,             0

MEM_BLOCK_LENGTH_2000_count, 418,             0
MEM_BLOCK_LENGTH_2000_total_count, 418,             0

MEM_BLOCK_LENGTH_2100_count, 418,             0
MEM_BLOCK_LENGTH_2100_total_count, 418,             0

MEM_BLOCK_LENGTH_2200_count, 418,             0
MEM_BLOCK_LENGTH_2200_total_count, 418,             0

MEM_BLOCK_LENGTH_2300_count, 418,             0
MEM_BLOCK_LENGTH_2300_total_count, 418,             0

MEM_BLOCK_LENGTH_2400_count, 418,             0
MEM_BLOCK_LENGTH_2400_total_count, 418,             0

MEM_BLOCK_LENGTH_2500_count, 418,             0
MEM_BLOCK_LENGTH_2500_total_count, 418,             0

MEM_BLOCK_LENGTH_2600_count, 418,             0
MEM_BLOCK_LENGTH_2600_total_count, 418,             0

MEM_BLOCK_LENGTH_2700_count, 418,             0
MEM_BLOCK_LENGTH_2700_total_count, 418,             0

MEM_BLOCK_LENGTH_2800_count, 418,             0
MEM_BLOCK_LENGTH_2800_total_count, 418,             0

MEM_BLOCK_LENGTH_2900_count, 418,             0
MEM_BLOCK_LENGTH_2900_total_count, 418,             0

MEM_BLOCK_LENGTH_3000_count, 418,             0
MEM_BLOCK_LENGTH_3000_total_count, 418,             0

MEM_BLOCK_LENGTH_3100_count, 418,             0
MEM_BLOCK_LENGTH_3100_total_count, 418,             0

MEM_BLOCK_LENGTH_3200_count, 418,             0
MEM_BLOCK_LENGTH_3200_total_count, 418,             0

MEM_BLOCK_LENGTH_3300_count, 418,             0
MEM_BLOCK_LENGTH_3300_total_count, 418,             0

MEM_BLOCK_LENGTH_3400_count, 418,             0
MEM_BLOCK_LENGTH_3400_total_count, 418,             0

MEM_BLOCK_LENGTH_3500_count, 418,             0
MEM_BLOCK_LENGTH_3500_total_count, 418,             0

MEM_BLOCK_LENGTH_3600_count, 418,             0
MEM_BLOCK_LENGTH_3600_total_count, 418,             0

MEM_BLOCK_LENGTH_3700_count, 418,             0
MEM_BLOCK_LENGTH_3700_total_count, 418,             0

MEM_BLOCK_LENGTH_3800_count, 418,             0
MEM_BLOCK_LENGTH_3800_total_count, 418,             0

MEM_BLOCK_LENGTH_3900_count, 418,             0
MEM_BLOCK_LENGTH_3900_total_count, 418,             0

MEM_BLOCK_LENGTH_4000_count, 418,             0
MEM_BLOCK_LENGTH_4000_total_count, 418,             0

MEM_BLOCK_LENGTH_4100_count, 418,             0
MEM_BLOCK_LENGTH_4100_total_count, 418,             0

MEM_BLOCK_LENGTH_4200_count, 418,             0
MEM_BLOCK_LENGTH_4200_total_count, 418,             0

MEM_BLOCK_LENGTH_4300_count, 418,             0
MEM_BLOCK_LENGTH_4300_total_count, 418,             0

MEM_BLOCK_LENGTH_4400_count, 418,             0
MEM_BLOCK_LENGTH_4400_total_count, 418,             0

MEM_BLOCK_LENGTH_4500_count, 418,             0
MEM_BLOCK_LENGTH_4500_total_count, 418,             0

MEM_BLOCK_LENGTH_4600_count, 418,             0
MEM_BLOCK_LENGTH_4600_total_count, 418,             0

MEM_BLOCK_LENGTH_4700_count, 418,             0
MEM_BLOCK_LENGTH_4700_total_count, 418,             0

MEM_BLOCK_LENGTH_4800_count, 418,             0
MEM_BLOCK_LENGTH_4800_total_count, 418,             0

MEM_BLOCK_LENGTH_4900_count, 418,             0
MEM_BLOCK_LENGTH_4900_total_count, 418,             0

MEM_BLOCK_LENGTH_5000_count, 418,             0
MEM_BLOCK_LENGTH_5000_total_count, 418,             0

FUS_BUSY_ON_PATH_count, 0,      12436936
FUS_BUSY_ON_PATH_pct, 0,        3.659
FUS_BUSY_ON_PATH_total_count, 0,      37024665
FUS_BUSY_ON_PATH_total_pct, 0,        3.521

FUS_BUSY_OFF_PATH_count, 0,        155310
FUS_BUSY_OFF_PATH_pct, 0,        0.046
FUS_BUSY_OFF_PATH_total_count, 0,        566584
FUS_BUSY_OFF_PATH_total_pct, 0,        0.054

FU_BUSY_MEM_STALL_count, 0,        427253
FU_BUSY_MEM_STALL_pct, 0,        0.126
FU_BUSY_MEM_STALL_total_count, 0,       1498624
FU_BUSY_MEM_STALL_total_pct, 0,        0.143

FUS_EMPTY_count, 0,      21396014
FUS_EMPTY_pct, 0,        6.295
FUS_EMPTY_total_count, 0,      67557471
FUS_EMPTY_total_pct, 0,        6.425

FU_UNAVAILABLE_count, 0,           256
FU_UNAVAILABLE_pct, 0,        0.000
FU_UNAVAILABLE_total_count, 0,           955
FU_UNAVAILABLE_total_pct, 0,        0.000

FU_MEM_UNAVAILABLE_count, 0,        313972
FU_MEM_UNAVAILABLE_pct, 0,        0.092
FU_MEM_UNAVAILABLE_total_count, 0,       1103131
FU_MEM_UNAVAILABLE_total_pct, 0,        0.105

FU_OTHER_UNAVAILABLE_count, 0,             0
FU_OTHER_UNAVAILABLE_pct, 0,        0.000
FU_OTHER_UNAVAILABLE_total_count, 0,             0
FU_OTHER_UNAVAILABLE_total_pct, 0,        0.000

FU_REPLAY_count, 0,             0
FU_REPLAY_pct, 0,        0.000
FU_REPLAY_total_count, 0,             0
FU_REPLAY_total_pct, 0,        0.000

FU_STARVED_count, 0,      21389450
FU_STARVED_pct, 0,        6.293
FU_STARVED_total_count, 0,      67532934
FU_STARVED_total_pct, 0,        6.423

CHIP_UTILIZATION_count, 0,             0
CHIP_UTILIZATION_pct, 0,        0.000
CHIP_UTILIZATION_total_count, 0,             0
CHIP_UTILIZATION_total_pct, 0,        0.000

CYCLES_UNDER_MEM_REQ_count, 0,             0
CYCLES_UNDER_MEM_REQ_total_count, 0,             0

CYCLES_UNDER_NO_MEM_REQ_count, 0,             0
CYCLES_UNDER_NO_MEM_REQ_total_count, 0,             0

CYCLES_UNDER_CRITICAL_MEM_REQ_count, 0,             0
CYCLES_UNDER_CRITICAL_MEM_REQ_total_count, 0,             0

CYCLES_UNDER_NONCRITICAL_MEM_REQ_count, 0,             0
CYCLES_UNDER_NONCRITICAL_MEM_REQ_total_count, 0,             0

CHIP_UTILIZATION_UNDER_MEM_REQ_count, 0,             0
CHIP_UTILIZATION_UNDER_MEM_REQ_pct, 0,         -nan
CHIP_UTILIZATION_UNDER_MEM_REQ_total_count, 0,             0
CHIP_UTILIZATION_UNDER_MEM_REQ_total_pct, 0,         -nan

CHIP_UTILIZATION_UNDER_NO_MEM_REQ_count, 0,             0
CHIP_UTILIZATION_UNDER_NO_MEM_REQ_pct, 0,         -nan
CHIP_UTILIZATION_UNDER_NO_MEM_REQ_total_count, 0,             0
CHIP_UTILIZATION_UNDER_NO_MEM_REQ_total_pct, 0,         -nan

CHIP_UTILIZATION_UNDER_CRITICAL_MEM_REQ_count, 0,             0
CHIP_UTILIZATION_UNDER_CRITICAL_MEM_REQ_pct, 0,         -nan
CHIP_UTILIZATION_UNDER_CRITICAL_MEM_REQ_total_count, 0,             0
CHIP_UTILIZATION_UNDER_CRITICAL_MEM_REQ_total_pct, 0,         -nan

CHIP_UTILIZATION_UNDER_NONCRITICAL_MEM_REQ_count, 0,             0
CHIP_UTILIZATION_UNDER_NONCRITICAL_MEM_REQ_pct, 0,         -nan
CHIP_UTILIZATION_UNDER_NONCRITICAL_MEM_REQ_total_count, 0,             0
CHIP_UTILIZATION_UNDER_NONCRITICAL_MEM_REQ_total_pct, 0,         -nan

CYCLES_NOT_WAITING_FOR_OFF_CHIP_count, 0,             0
CYCLES_NOT_WAITING_FOR_OFF_CHIP_pct, 0,        0.000
CYCLES_NOT_WAITING_FOR_OFF_CHIP_total_count, 0,             0
CYCLES_NOT_WAITING_FOR_OFF_CHIP_total_pct, 0,        0.000

FUS_BUSY_NOT_WAITING_FOR_OFF_CHIP_count, 0,             0
FUS_BUSY_NOT_WAITING_FOR_OFF_CHIP_pct, 0,         -nan
FUS_BUSY_NOT_WAITING_FOR_OFF_CHIP_total_count, 0,             0
FUS_BUSY_NOT_WAITING_FOR_OFF_CHIP_total_pct, 0,         -nan

CYCLES_WAITING_FOR_OFF_CHIP_count, 0,             0
CYCLES_WAITING_FOR_OFF_CHIP_pct, 0,        0.000
CYCLES_WAITING_FOR_OFF_CHIP_total_count, 0,             0
CYCLES_WAITING_FOR_OFF_CHIP_total_pct, 0,        0.000

FUS_BUSY_WAITING_FOR_OFF_CHIP_count, 0,             0
FUS_BUSY_WAITING_FOR_OFF_CHIP_pct, 0,         -nan
FUS_BUSY_WAITING_FOR_OFF_CHIP_total_count, 0,             0
FUS_BUSY_WAITING_FOR_OFF_CHIP_total_pct, 0,         -nan

TOTAL_OFF_CHIP_DELAYS_LEFT_count, 0,             0
TOTAL_OFF_CHIP_DELAYS_LEFT_total_count, 0,             0

WRONG_IO_SCHED_count, 0,             0
WRONG_IO_SCHED_total_count, 0,             0

DVFS_CONFIG_SWITCH_count, 0,             0
DVFS_CONFIG_SWITCH_total_count, 0,             0

MAP_STAGE_RECEIVED_OPS_0_count, 419,             0
MAP_STAGE_RECEIVED_OPS_0_total_count, 419,             0

MAP_STAGE_RECEIVED_OPS_1_count, 419,         75855
MAP_STAGE_RECEIVED_OPS_1_total_count, 419,        236151

MAP_STAGE_RECEIVED_OPS_2_count, 419,         36439
MAP_STAGE_RECEIVED_OPS_2_total_count, 419,        117781

MAP_STAGE_RECEIVED_OPS_3_count, 419,        159815
MAP_STAGE_RECEIVED_OPS_3_total_count, 419,        261553

MAP_STAGE_RECEIVED_OPS_4_count, 419,          6085
MAP_STAGE_RECEIVED_OPS_4_total_count, 419,         20199

MAP_STAGE_RECEIVED_OPS_5_count, 419,        351910
MAP_STAGE_RECEIVED_OPS_5_total_count, 419,        621256

MAP_STAGE_RECEIVED_OPS_6_count, 419,       1599972
MAP_STAGE_RECEIVED_OPS_6_total_count, 419,       5181257

MAP_STAGE_RECEIVED_OPS_7_count, 419,             0
MAP_STAGE_RECEIVED_OPS_7_total_count, 419,             0

MAP_STAGE_RECEIVED_OPS_8_count, 419,             0
MAP_STAGE_RECEIVED_OPS_8_total_count, 419,             0

MAP_STAGE_RECEIVED_OPS_MAX_count, 419,             0
MAP_STAGE_RECEIVED_OPS_MAX_total_count, 419,             0

MAP_STAGE_WAIT_FOR_DECODE_count, 420,             0
MAP_STAGE_WAIT_FOR_DECODE_total_count, 420,             0

MAP_STAGE_CONSUME_DECODE_count, 420,             0
MAP_STAGE_CONSUME_DECODE_total_count, 420,             0

MAP_STAGE_WAIT_FOR_DECODE2_count, 421,             0
MAP_STAGE_WAIT_FOR_DECODE2_total_count, 421,             0

MAP_STAGE_CONSUME_DECODE2_count, 421,             0
MAP_STAGE_CONSUME_DECODE2_total_count, 421,             0

FTQ_RECOVER_EXEC_count, 0,          2238
FTQ_RECOVER_EXEC_total_count, 0,          8308

FTQ_RECOVER_DECODE_count, 0,           252
FTQ_RECOVER_DECODE_total_count, 0,          1527

FTQ_OFFPATH_CYCLES_count, 0,        448693
FTQ_OFFPATH_CYCLES_total_count, 0,       1618162

FTQ_CYCLES_OFFPATH_count, 0,        448693
FTQ_CYCLES_OFFPATH_total_count, 0,       1618162

FTQ_CYCLES_ONPATH_count, 0,       2950133
FTQ_CYCLES_ONPATH_total_count, 0,       8896710

FTQ_FETCHED_INS_ONPATH_count, 0,      12015760
FTQ_FETCHED_INS_ONPATH_total_count, 0,      35546399

FTQ_FETCHED_INS_OFFPATH_count, 0,       2425375
FTQ_FETCHED_INS_OFFPATH_total_count, 0,       8724118

FTQ_BREAK_FULL_FT_ONPATH_count, 0,       2586491
FTQ_BREAK_FULL_FT_ONPATH_total_count, 0,       7712585

FTQ_BREAK_FULL_FT_OFFPATH_count, 0,        261312
FTQ_BREAK_FULL_FT_OFFPATH_total_count, 0,        960461

FTQ_BREAK_PRED_BR_ONPATH_count, 0,             0
FTQ_BREAK_PRED_BR_ONPATH_total_count, 0,             0

FTQ_BREAK_PRED_BR_OFFPATH_count, 0,             0
FTQ_BREAK_PRED_BR_OFFPATH_total_count, 0,             0

FTQ_BREAK_BAR_FETCH_ONPATH_count, 0,             0
FTQ_BREAK_BAR_FETCH_ONPATH_total_count, 0,             0

FTQ_BREAK_BAR_FETCH_OFFPATH_count, 0,             0
FTQ_BREAK_BAR_FETCH_OFFPATH_total_count, 0,             0

FTQ_BREAK_MAX_CFS_TAKEN_ONPATH_count, 0,             0
FTQ_BREAK_MAX_CFS_TAKEN_ONPATH_total_count, 0,             0

FTQ_BREAK_MAX_CFS_TAKEN_OFFPATH_count, 0,             0
FTQ_BREAK_MAX_CFS_TAKEN_OFFPATH_total_count, 0,             0

FTQ_BREAK_MAX_FT_ONPATH_count, 0,        363447
FTQ_BREAK_MAX_FT_ONPATH_total_count, 0,       1183930

FTQ_BREAK_MAX_FT_OFFPATH_count, 0,        187381
FTQ_BREAK_MAX_FT_OFFPATH_total_count, 0,        657701

DFE_GEN_ON_PATH_FT_count, 0,       1853722
DFE_GEN_ON_PATH_FT_total_count, 0,       5232372

DFE_GEN_OFF_PATH_FT_count, 0,        219894
DFE_GEN_OFF_PATH_FT_total_count, 0,        765195

DFE_L0_ENABLED_PREDICTIONS_count, 0,      12015760
DFE_L0_ENABLED_PREDICTIONS_total_count, 0,      35546399

DFE_L0_WRONG_MAIN_CORRECT_count, 0,         57528
DFE_L0_WRONG_MAIN_CORRECT_total_count, 0,        187162

DFE_L0_WRONG_MAIN_WRONG_count, 0,          2398
DFE_L0_WRONG_MAIN_WRONG_total_count, 0,          9299

DFE_L0_CORRECT_MAIN_WRONG_count, 0,            92
DFE_L0_CORRECT_MAIN_WRONG_total_count, 0,           536

DFE_L0_CORRECT_MAIN_CORRECT_count, 0,      11955742
DFE_L0_CORRECT_MAIN_CORRECT_total_count, 0,      35349402

DFE_L0_WRONG_MAIN_CORRECT_RECOVERY_SCHEDULED_count, 0,             0
DFE_L0_WRONG_MAIN_CORRECT_RECOVERY_SCHEDULED_total_count, 0,             0

FTQ_SAW_BAR_FETCH_OFFPATH_count, 0,             0
FTQ_SAW_BAR_FETCH_OFFPATH_total_count, 0,             0

FTQ_SAW_BAR_FETCH_ONPATH_count, 0,             0
FTQ_SAW_BAR_FETCH_ONPATH_total_count, 0,             0

DFE_CONF_0_RECOVER_AT_EXEC_count, 422,             0
DFE_CONF_0_RECOVER_AT_EXEC_total_count, 422,             0

DFE_CONF_1_RECOVER_AT_EXEC_count, 422,             0
DFE_CONF_1_RECOVER_AT_EXEC_total_count, 422,             0

DFE_CONF_2_RECOVER_AT_EXEC_count, 422,             0
DFE_CONF_2_RECOVER_AT_EXEC_total_count, 422,             0

DFE_CONF_3_RECOVER_AT_EXEC_count, 422,             0
DFE_CONF_3_RECOVER_AT_EXEC_total_count, 422,             0

DFE_CONF_0_CORRECT_count, 422,             0
DFE_CONF_0_CORRECT_total_count, 422,             0

DFE_CONF_1_CORRECT_count, 422,             0
DFE_CONF_1_CORRECT_total_count, 422,             0

DFE_CONF_2_CORRECT_count, 422,             0
DFE_CONF_2_CORRECT_total_count, 422,             0

DFE_CONF_3_CORRECT_count, 422,             0
DFE_CONF_3_CORRECT_total_count, 422,             0

DFE_ON_CONF_ON_OPS_count, 423,             0
DFE_ON_CONF_ON_OPS_total_count, 423,             0

DFE_ON_CONF_OFF_OPS_count, 423,             0
DFE_ON_CONF_OFF_OPS_total_count, 423,             0

DFE_OFF_CONF_ON_OPS_count, 423,             0
DFE_OFF_CONF_ON_OPS_total_count, 423,             0

DFE_OFF_CONF_OFF_REALISTIC_OPS_count, 423,             0
DFE_OFF_CONF_OFF_REALISTIC_OPS_total_count, 423,             0

DFE_OFF_CONF_OFF_PERFECT_OPS_count, 423,             0
DFE_OFF_CONF_OFF_PERFECT_OPS_total_count, 423,             0

DFE_ON_CONF_ON_FETCH_TARGETS_count, 424,             0
DFE_ON_CONF_ON_FETCH_TARGETS_total_count, 424,             0

DFE_ON_CONF_OFF_FETCH_TARGETS_count, 424,             0
DFE_ON_CONF_OFF_FETCH_TARGETS_total_count, 424,             0

DFE_OFF_CONF_ON_FETCH_TARGETS_count, 424,             0
DFE_OFF_CONF_ON_FETCH_TARGETS_total_count, 424,             0

DFE_OFF_CONF_OFF_REALISTIC_FETCH_TARGETS_count, 424,             0
DFE_OFF_CONF_OFF_REALISTIC_FETCH_TARGETS_total_count, 424,             0

DFE_OFF_CONF_OFF_PERFECT_FETCH_TARGETS_count, 424,             0
DFE_OFF_CONF_OFF_PERFECT_FETCH_TARGETS_total_count, 424,             0

DFE_ON_CONF_ON_CYCLES_count, 425,             0
DFE_ON_CONF_ON_CYCLES_total_count, 425,             0

DFE_ON_CONF_OFF_CYCLES_count, 425,             0
DFE_ON_CONF_OFF_CYCLES_total_count, 425,             0

DFE_OFF_CONF_ON_CYCLES_count, 425,             0
DFE_OFF_CONF_ON_CYCLES_total_count, 425,             0

DFE_OFF_CONF_OFF_REALISTIC_CYCLES_count, 425,             0
DFE_OFF_CONF_OFF_REALISTIC_CYCLES_total_count, 425,             0

DFE_OFF_CONF_OFF_PERFECT_CYCLES_count, 425,             0
DFE_OFF_CONF_OFF_PERFECT_CYCLES_total_count, 425,             0

DFE_OFF_CONF_ON_NUM_EVENTS_count, 0,             0
DFE_OFF_CONF_ON_NUM_EVENTS_total_count, 0,             0

DFE_OFF_CONF_ON_NOT_IDENTIFIED_EVENTS_count, 426,             0
DFE_OFF_CONF_ON_NOT_IDENTIFIED_EVENTS_total_count, 426,             0

DFE_OFF_CONF_ON_IBTB_MISS_EVENTS_count, 426,             0
DFE_OFF_CONF_ON_IBTB_MISS_EVENTS_total_count, 426,             0

DFE_OFF_CONF_ON_BTB_MISS_EVENTS_count, 426,             0
DFE_OFF_CONF_ON_BTB_MISS_EVENTS_total_count, 426,             0

DFE_OFF_CONF_ON_BTB_MISS_RECOVER_AT_EXEC_EVENTS_count, 426,             0
DFE_OFF_CONF_ON_BTB_MISS_RECOVER_AT_EXEC_EVENTS_total_count, 426,             0

DFE_OFF_CONF_ON_RECOVER_AT_EXEC_EVENTS_count, 426,             0
DFE_OFF_CONF_ON_RECOVER_AT_EXEC_EVENTS_total_count, 426,             0

DFE_OFF_CONF_ON_RECOVER_AT_DECODE_EVENTS_count, 426,             0
DFE_OFF_CONF_ON_RECOVER_AT_DECODE_EVENTS_total_count, 426,             0

DFE_OFF_CONF_ON_LATE_BTB_HIT_EVENTS_count, 0,             0
DFE_OFF_CONF_ON_LATE_BTB_HIT_EVENTS_total_count, 0,             0

DFE_OFF_CONF_ON_NOT_IDENTIFIED_CYCLES_count, 427,             0
DFE_OFF_CONF_ON_NOT_IDENTIFIED_CYCLES_total_count, 427,             0

DFE_OFF_CONF_ON_IBTB_MISS_CYCLES_count, 427,             0
DFE_OFF_CONF_ON_IBTB_MISS_CYCLES_total_count, 427,             0

DFE_OFF_CONF_ON_BTB_MISS_CYCLES_count, 427,             0
DFE_OFF_CONF_ON_BTB_MISS_CYCLES_total_count, 427,             0

DFE_OFF_CONF_ON_BTB_MISS_RECOVER_AT_EXEC_CYCLES_count, 427,             0
DFE_OFF_CONF_ON_BTB_MISS_RECOVER_AT_EXEC_CYCLES_total_count, 427,             0

DFE_OFF_CONF_ON_RECOVER_AT_EXEC_CYCLES_count, 427,             0
DFE_OFF_CONF_ON_RECOVER_AT_EXEC_CYCLES_total_count, 427,             0

DFE_OFF_CONF_ON_RECOVER_AT_DECODE_CYCLES_count, 427,             0
DFE_OFF_CONF_ON_RECOVER_AT_DECODE_CYCLES_total_count, 427,             0

DFE_OFF_CONF_ON_LATE_BTB_HIT_CYCLES_count, 0,             0
DFE_OFF_CONF_ON_LATE_BTB_HIT_CYCLES_total_count, 0,             0

DFE_OFF_CONF_ON_NOT_IDENTIFIED_FETCH_TARGETS_count, 428,             0
DFE_OFF_CONF_ON_NOT_IDENTIFIED_FETCH_TARGETS_total_count, 428,             0

DFE_OFF_CONF_ON_IBTB_MISS_FETCH_TARGETS_count, 428,             0
DFE_OFF_CONF_ON_IBTB_MISS_FETCH_TARGETS_total_count, 428,             0

DFE_OFF_CONF_ON_BTB_MISS_FETCH_TARGETS_count, 428,             0
DFE_OFF_CONF_ON_BTB_MISS_FETCH_TARGETS_total_count, 428,             0

DFE_OFF_CONF_ON_BTB_MISS_RECOVER_AT_EXEC_FETCH_TARGETS_count, 428,             0
DFE_OFF_CONF_ON_BTB_MISS_RECOVER_AT_EXEC_FETCH_TARGETS_total_count, 428,             0

DFE_OFF_CONF_ON_RECOVER_AT_EXEC_FETCH_TARGETS_count, 428,             0
DFE_OFF_CONF_ON_RECOVER_AT_EXEC_FETCH_TARGETS_total_count, 428,             0

DFE_OFF_CONF_ON_RECOVER_AT_DECODE_FETCH_TARGETS_count, 428,             0
DFE_OFF_CONF_ON_RECOVER_AT_DECODE_FETCH_TARGETS_total_count, 428,             0

DFE_OFF_CONF_ON_LATE_BTB_HIT_FETCH_TARGETS_count, 0,             0
DFE_OFF_CONF_ON_LATE_BTB_HIT_FETCH_TARGETS_total_count, 0,             0

DFE_OFF_CONF_ON_BP_INCORRECT_0_CONF_count, 429,             0
DFE_OFF_CONF_ON_BP_INCORRECT_0_CONF_total_count, 429,             0

DFE_OFF_CONF_ON_BP_INCORRECT_1_CONF_count, 429,             0
DFE_OFF_CONF_ON_BP_INCORRECT_1_CONF_total_count, 429,             0

DFE_OFF_CONF_ON_BP_INCORRECT_2_CONF_count, 429,             0
DFE_OFF_CONF_ON_BP_INCORRECT_2_CONF_total_count, 429,             0

DFE_OFF_CONF_ON_BP_INCORRECT_3_CONF_count, 429,             0
DFE_OFF_CONF_ON_BP_INCORRECT_3_CONF_total_count, 429,             0

DFE_OFF_CONF_ON_BTB_MISS_CBR_0_CONF_count, 430,             0
DFE_OFF_CONF_ON_BTB_MISS_CBR_0_CONF_total_count, 430,             0

DFE_OFF_CONF_ON_BTB_MISS_CBR_1_CONF_count, 430,             0
DFE_OFF_CONF_ON_BTB_MISS_CBR_1_CONF_total_count, 430,             0

DFE_OFF_CONF_ON_BTB_MISS_CBR_2_CONF_count, 430,             0
DFE_OFF_CONF_ON_BTB_MISS_CBR_2_CONF_total_count, 430,             0

DFE_OFF_CONF_ON_BTB_MISS_CBR_3_CONF_count, 430,             0
DFE_OFF_CONF_ON_BTB_MISS_CBR_3_CONF_total_count, 430,             0

DFE_OFF_CONF_ON_BTB_MISS_NOT_CF_count, 431,             0
DFE_OFF_CONF_ON_BTB_MISS_NOT_CF_total_count, 431,             0

DFE_OFF_CONF_ON_BTB_MISS_CF_BR_count, 431,             0
DFE_OFF_CONF_ON_BTB_MISS_CF_BR_total_count, 431,             0

DFE_OFF_CONF_ON_BTB_MISS_CF_CBR_count, 431,             0
DFE_OFF_CONF_ON_BTB_MISS_CF_CBR_total_count, 431,             0

DFE_OFF_CONF_ON_BTB_MISS_CF_CALL_count, 431,             0
DFE_OFF_CONF_ON_BTB_MISS_CF_CALL_total_count, 431,             0

DFE_OFF_CONF_ON_BTB_MISS_CF_IBR_count, 431,             0
DFE_OFF_CONF_ON_BTB_MISS_CF_IBR_total_count, 431,             0

DFE_OFF_CONF_ON_BTB_MISS_CF_ICALL_count, 431,             0
DFE_OFF_CONF_ON_BTB_MISS_CF_ICALL_total_count, 431,             0

DFE_OFF_CONF_ON_BTB_MISS_CF_ICO_count, 431,             0
DFE_OFF_CONF_ON_BTB_MISS_CF_ICO_total_count, 431,             0

DFE_OFF_CONF_ON_BTB_MISS_CF_RET_count, 431,             0
DFE_OFF_CONF_ON_BTB_MISS_CF_RET_total_count, 431,             0

DFE_OFF_CONF_ON_BTB_MISS_CF_SYS_count, 431,             0
DFE_OFF_CONF_ON_BTB_MISS_CF_SYS_total_count, 431,             0

DFE_ON_CONF_OFF_NUM_EVENTS_count, 0,             0
DFE_ON_CONF_OFF_NUM_EVENTS_total_count, 0,             0

CONF_BTB_NUM_CYCLES_OFF_PATH_EVENT_count, 0,             0
CONF_BTB_NUM_CYCLES_OFF_PATH_EVENT_total_count, 0,             0

DFE_ON_CONF_OFF_IBTB_MISS_BP_TAKEN_count, 432,             0
DFE_ON_CONF_OFF_IBTB_MISS_BP_TAKEN_total_count, 432,             0

DFE_ON_CONF_OFF_BTB_MISS_BP_TAKEN_CONF_0_count, 432,             0
DFE_ON_CONF_OFF_BTB_MISS_BP_TAKEN_CONF_0_total_count, 432,             0

DFE_ON_CONF_OFF_BTB_MISS_BP_TAKEN_CONF_1_count, 432,             0
DFE_ON_CONF_OFF_BTB_MISS_BP_TAKEN_CONF_1_total_count, 432,             0

DFE_ON_CONF_OFF_BTB_MISS_BP_TAKEN_CONF_2_count, 432,             0
DFE_ON_CONF_OFF_BTB_MISS_BP_TAKEN_CONF_2_total_count, 432,             0

DFE_ON_CONF_OFF_BTB_MISS_BP_TAKEN_CONF_3_count, 432,             0
DFE_ON_CONF_OFF_BTB_MISS_BP_TAKEN_CONF_3_total_count, 432,             0

DFE_ON_CONF_OFF_BTB_MISS_RATE_count, 432,             0
DFE_ON_CONF_OFF_BTB_MISS_RATE_total_count, 432,             0

DFE_ON_CONF_OFF_IBTB_MISS_RATE_count, 432,             0
DFE_ON_CONF_OFF_IBTB_MISS_RATE_total_count, 432,             0

DFE_ON_CONF_OFF_RECOVER_AT_DECODE_RATE_count, 432,             0
DFE_ON_CONF_OFF_RECOVER_AT_DECODE_RATE_total_count, 432,             0

DFE_ON_CONF_OFF_RECOVER_AT_EXEC_RATE_count, 432,             0
DFE_ON_CONF_OFF_RECOVER_AT_EXEC_RATE_total_count, 432,             0

DFE_ON_CONF_OFF_INV_CONF_INC_count, 432,             0
DFE_ON_CONF_OFF_INV_CONF_INC_total_count, 432,             0

DFE_ON_CONF_OFF_PERFECT_CONF_count, 432,             0
DFE_ON_CONF_OFF_PERFECT_CONF_total_count, 432,             0

DFE_ON_CONF_OFF_IBTB_MISS_BP_TAKEN_CYCLES_count, 433,             0
DFE_ON_CONF_OFF_IBTB_MISS_BP_TAKEN_CYCLES_total_count, 433,             0

DFE_ON_CONF_OFF_BTB_MISS_BP_TAKEN_CONF_0_CYCLES_count, 433,             0
DFE_ON_CONF_OFF_BTB_MISS_BP_TAKEN_CONF_0_CYCLES_total_count, 433,             0

DFE_ON_CONF_OFF_BTB_MISS_BP_TAKEN_CONF_1_CYCLES_count, 433,             0
DFE_ON_CONF_OFF_BTB_MISS_BP_TAKEN_CONF_1_CYCLES_total_count, 433,             0

DFE_ON_CONF_OFF_BTB_MISS_BP_TAKEN_CONF_2_CYCLES_count, 433,             0
DFE_ON_CONF_OFF_BTB_MISS_BP_TAKEN_CONF_2_CYCLES_total_count, 433,             0

DFE_ON_CONF_OFF_BTB_MISS_BP_TAKEN_CONF_3_CYCLES_count, 433,             0
DFE_ON_CONF_OFF_BTB_MISS_BP_TAKEN_CONF_3_CYCLES_total_count, 433,             0

DFE_ON_CONF_OFF_BTB_MISS_RATE_CYCLES_count, 433,             0
DFE_ON_CONF_OFF_BTB_MISS_RATE_CYCLES_total_count, 433,             0

DFE_ON_CONF_OFF_IBTB_MISS_RATE_CYCLES_count, 433,             0
DFE_ON_CONF_OFF_IBTB_MISS_RATE_CYCLES_total_count, 433,             0

DFE_ON_CONF_OFF_RECOVER_AT_DECODE_RATE_CYCLES_count, 433,             0
DFE_ON_CONF_OFF_RECOVER_AT_DECODE_RATE_CYCLES_total_count, 433,             0

DFE_ON_CONF_OFF_RECOVER_AT_EXEC_RATE_CYCLES_count, 433,             0
DFE_ON_CONF_OFF_RECOVER_AT_EXEC_RATE_CYCLES_total_count, 433,             0

DFE_ON_CONF_OFF_INV_CONF_INC_CYCLES_count, 433,             0
DFE_ON_CONF_OFF_INV_CONF_INC_CYCLES_total_count, 433,             0

DFE_ON_CONF_OFF_PERFECT_CONF_CYCLES_count, 433,             0
DFE_ON_CONF_OFF_PERFECT_CONF_CYCLES_total_count, 433,             0

DFE_ON_CONF_OFF_IBTB_MISS_BP_TAKEN_FETCH_TARGETS_count, 434,             0
DFE_ON_CONF_OFF_IBTB_MISS_BP_TAKEN_FETCH_TARGETS_total_count, 434,             0

DFE_ON_CONF_OFF_BTB_MISS_BP_TAKEN_CONF_0_FETCH_TARGETS_count, 434,             0
DFE_ON_CONF_OFF_BTB_MISS_BP_TAKEN_CONF_0_FETCH_TARGETS_total_count, 434,             0

DFE_ON_CONF_OFF_BTB_MISS_BP_TAKEN_CONF_1_FETCH_TARGETS_count, 434,             0
DFE_ON_CONF_OFF_BTB_MISS_BP_TAKEN_CONF_1_FETCH_TARGETS_total_count, 434,             0

DFE_ON_CONF_OFF_BTB_MISS_BP_TAKEN_CONF_2_FETCH_TARGETS_count, 434,             0
DFE_ON_CONF_OFF_BTB_MISS_BP_TAKEN_CONF_2_FETCH_TARGETS_total_count, 434,             0

DFE_ON_CONF_OFF_BTB_MISS_BP_TAKEN_CONF_3_FETCH_TARGETS_count, 434,             0
DFE_ON_CONF_OFF_BTB_MISS_BP_TAKEN_CONF_3_FETCH_TARGETS_total_count, 434,             0

DFE_ON_CONF_OFF_BTB_MISS_RATE_FETCH_TARGETS_count, 434,             0
DFE_ON_CONF_OFF_BTB_MISS_RATE_FETCH_TARGETS_total_count, 434,             0

DFE_ON_CONF_OFF_IBTB_MISS_RATE_FETCH_TARGETS_count, 434,             0
DFE_ON_CONF_OFF_IBTB_MISS_RATE_FETCH_TARGETS_total_count, 434,             0

DFE_ON_CONF_OFF_RECOVER_AT_DECODE_RATE_FETCH_TARGETS_count, 434,             0
DFE_ON_CONF_OFF_RECOVER_AT_DECODE_RATE_FETCH_TARGETS_total_count, 434,             0

DFE_ON_CONF_OFF_RECOVER_AT_EXEC_RATE_FETCH_TARGETS_count, 434,             0
DFE_ON_CONF_OFF_RECOVER_AT_EXEC_RATE_FETCH_TARGETS_total_count, 434,             0

DFE_ON_CONF_OFF_INV_CONF_INC_FETCH_TARGETS_count, 434,             0
DFE_ON_CONF_OFF_INV_CONF_INC_FETCH_TARGETS_total_count, 434,             0

DFE_ON_CONF_OFF_PERFECT_CONF_FETCH_TARGETS_count, 434,             0
DFE_ON_CONF_OFF_PERFECT_CONF_FETCH_TARGETS_total_count, 434,             0

CONF_OFF_IBTB_MISS_BP_TAKEN_count, 435,             0
CONF_OFF_IBTB_MISS_BP_TAKEN_total_count, 435,             0

CONF_OFF_BTB_MISS_BP_TAKEN_CONF_0_count, 435,             0
CONF_OFF_BTB_MISS_BP_TAKEN_CONF_0_total_count, 435,             0

CONF_OFF_BTB_MISS_BP_TAKEN_CONF_1_count, 435,             0
CONF_OFF_BTB_MISS_BP_TAKEN_CONF_1_total_count, 435,             0

CONF_OFF_BTB_MISS_BP_TAKEN_CONF_2_count, 435,             0
CONF_OFF_BTB_MISS_BP_TAKEN_CONF_2_total_count, 435,             0

CONF_OFF_BTB_MISS_BP_TAKEN_CONF_3_count, 435,             0
CONF_OFF_BTB_MISS_BP_TAKEN_CONF_3_total_count, 435,             0

CONF_OFF_BTB_MISS_RATE_count, 435,             0
CONF_OFF_BTB_MISS_RATE_total_count, 435,             0

CONF_OFF_IBTB_MISS_RATE_count, 435,             0
CONF_OFF_IBTB_MISS_RATE_total_count, 435,             0

CONF_OFF_RECOVER_AT_DECODE_RATE_count, 435,             0
CONF_OFF_RECOVER_AT_DECODE_RATE_total_count, 435,             0

CONF_OFF_RECOVER_AT_EXEC_RATE_count, 435,             0
CONF_OFF_RECOVER_AT_EXEC_RATE_total_count, 435,             0

CONF_OFF_INV_CONF_INC_count, 435,             0
CONF_OFF_INV_CONF_INC_total_count, 435,             0

CONF_OFF_PERFECT_CONF_count, 435,             0
CONF_OFF_PERFECT_CONF_total_count, 435,             0

TOPDOWN_TOTAL_SLOTS_count, 0,      20392956
TOPDOWN_TOTAL_SLOTS_total_count, 0,      63089232

TOPDOWN_ISSUED_SLOTS_count, 0,      12573371
TOPDOWN_ISSUED_SLOTS_total_count, 0,      37474952

TOPDOWN_RETIRED_SLOTS_count, 0,      12015934
TOPDOWN_RETIRED_SLOTS_total_count, 0,      35546399

TOPDOWN_FETCH_BUBBLES_SLOTS_count, 0,       1666156
TOPDOWN_FETCH_BUBBLES_SLOTS_total_count, 0,       4577285

TOPDOWN_RECOVERY_BUBBLES_SLOTS_count, 0,        155359
TOPDOWN_RECOVERY_BUBBLES_SLOTS_total_count, 0,        514901

TOPDOWN_MEM_LOAD_STALLS_CYCLES_count, 0,        965501
TOPDOWN_MEM_LOAD_STALLS_CYCLES_total_count, 0,       3309813

TOPDOWN_MEM_STORE_STALLS_CYCLES_count, 0,          5068
TOPDOWN_MEM_STORE_STALLS_CYCLES_total_count, 0,         16529

TOPDOWN_EXEC_STALLS_CYCLES_count, 0,        559520
TOPDOWN_EXEC_STALLS_CYCLES_total_count, 0,       1999233

TOPDOWN_BACKEND_STALLS_CYCLES_count, 0,        973764
TOPDOWN_BACKEND_STALLS_CYCLES_total_count, 0,       3336809

TOPDOWN_FETCH_BUBBLES_GT_MIW_CYCLES_count, 0,         52665
TOPDOWN_FETCH_BUBBLES_GT_MIW_CYCLES_total_count, 0,        256454

TOPDOWN_BR_RECOVER_AT_EXEC_RETIRED_CYCLES_count, 0,          2238
TOPDOWN_BR_RECOVER_AT_EXEC_RETIRED_CYCLES_total_count, 0,          8308

TOPDOWN_MACHINE_CLEAR_CYCLES_count, 0,         60018
TOPDOWN_MACHINE_CLEAR_CYCLES_total_count, 0,        196997

TOPDOWN_FRONTEND_BOUND_count, 0,           817
TOPDOWN_FRONTEND_BOUND_total_count, 0,           817

TOPDOWN_BACKEND_BOUND_count, 0,          2942
TOPDOWN_BACKEND_BOUND_total_count, 0,          2942

TOPDOWN_BAD_SPEC_BOUND_count, 0,           349
TOPDOWN_BAD_SPEC_BOUND_total_count, 0,           349

TOPDOWN_RETIRING_BOUND_count, 0,          5892
TOPDOWN_RETIRING_BOUND_total_count, 0,          5892

TOPDOWN_FETCH_LATENCY_BOUND_count, 0,           154
TOPDOWN_FETCH_LATENCY_BOUND_total_count, 0,           154

TOPDOWN_FETCH_BANDWIDTH_BOUND_count, 0,           663
TOPDOWN_FETCH_BANDWIDTH_BOUND_total_count, 0,           663

TOPDOWN_MEM_BOUND_count, 0,          2932
TOPDOWN_MEM_BOUND_total_count, 0,          2932

TOPDOWN_CORE_BOUND_count, 0,            10
TOPDOWN_CORE_BOUND_total_count, 0,            10

TOPDOWN_BR_RECOVER_AT_EXEC_BOUND_count, 0,            12
TOPDOWN_BR_RECOVER_AT_EXEC_BOUND_total_count, 0,            12

TOPDOWN_MACHINE_CLEARS_BOUND_count, 0,           337
TOPDOWN_MACHINE_CLEARS_BOUND_total_count, 0,           337

H2P_SEEN_MAIN_count, 0,             0
H2P_SEEN_MAIN_total_count, 0,             0



