Core, 0, 0
Cumulative_Cycles, 0, 9225401             
Cumulative_Instructions, 0, 30000000            
Periodic_Cycles, 0, 3039826             
Periodic_Instructions, 0, 9999994             
EXECUTION_TIME_count, 0,  949945625000
EXECUTION_TIME_total_count, 0, 2882937812500

SIM_HOST_WALL_SECONDS_value, 0,    234.414247
SIM_HOST_WALL_SECONDS_total_value, 0,    234.414247

NODE_CYCLE_count, 0,       3039826
NODE_CYCLE_total_count, 0,       9225401

NODE_INST_COUNT_count, 0,       9999994
NODE_INST_COUNT_total_count, 0,      30000078

NODE_INST_COUNT_FETCHED_count, 0,       9999994
NODE_INST_COUNT_FETCHED_total_count, 0,      30000000

NODE_UOP_COUNT_count, 0,      11694745
NODE_UOP_COUNT_total_count, 0,      35087723

EXEC_STAGE_NO_ISSUE_STALL_CYCLE_count, 0,       2644234
EXEC_STAGE_NO_ISSUE_STALL_CYCLE_total_count, 0,       7942170

EXEC_STAGE_NO_ISSUE_STALL_CYCLE_ONPATH_count, 0,       2639944
EXEC_STAGE_NO_ISSUE_STALL_CYCLE_ONPATH_total_count, 0,       7917234

FULL_WINDOW_STALL_count, 0,             0
FULL_WINDOW_STALL_pct, 0,        0.000
FULL_WINDOW_STALL_total_count, 0,          3450
FULL_WINDOW_STALL_total_pct, 0,        0.037

FULL_WINDOW_MEM_OP_count, 401,             0
FULL_WINDOW_MEM_OP_total_count, 401,          3182

FULL_WINDOW_FP_OP_count, 401,             0
FULL_WINDOW_FP_OP_total_count, 401,             0

FULL_WINDOW_OTHER_OP_count, 401,             0
FULL_WINDOW_OTHER_OP_total_count, 401,           196

RET_BLOCKED_DC_MISS_count, 0,       1020812
RET_BLOCKED_DC_MISS_pct, 0,       33.581
RET_BLOCKED_DC_MISS_total_count, 0,       3118855
RET_BLOCKED_DC_MISS_total_pct, 0,       33.807

RET_BLOCKED_L1_MISS_count, 0,             0
RET_BLOCKED_L1_MISS_pct, 0,        0.000
RET_BLOCKED_L1_MISS_total_count, 0,         65993
RET_BLOCKED_L1_MISS_total_pct, 0,        0.715

RET_BLOCKED_L1_MISS_BW_PREF_count, 0,             0
RET_BLOCKED_L1_MISS_BW_PREF_pct, 0,        0.000
RET_BLOCKED_L1_MISS_BW_PREF_total_count, 0,         54830
RET_BLOCKED_L1_MISS_BW_PREF_total_pct, 0,        0.594

RET_BLOCKED_L1_ACCESS_count, 0,       1020812
RET_BLOCKED_L1_ACCESS_pct, 0,       33.581
RET_BLOCKED_L1_ACCESS_total_count, 0,       3052939
RET_BLOCKED_L1_ACCESS_total_pct, 0,       33.093

RET_BLOCKED_MEM_STALL_count, 0,           430
RET_BLOCKED_MEM_STALL_pct, 0,        0.014
RET_BLOCKED_MEM_STALL_total_count, 0,         66922
RET_BLOCKED_MEM_STALL_total_pct, 0,        0.725

RET_BLOCKED_OFFCHIP_DEMAND_count, 0,             0
RET_BLOCKED_OFFCHIP_DEMAND_pct, 0,        0.000
RET_BLOCKED_OFFCHIP_DEMAND_total_count, 0,             0
RET_BLOCKED_OFFCHIP_DEMAND_total_pct, 0,        0.000

OP_ISSUED_count, 0,      11706090
OP_ISSUED_total_count, 0,      35165284

OP_RETIRED_count, 0,      11694745
OP_RETIRED_total_count, 0,      35087723

OP_MACRO_FUSION_ONPATH_count, 0,       1492707
OP_MACRO_FUSION_ONPATH_total_count, 0,       4473101

OP_MACRO_FUSION_OFFPATH_count, 0,          3328
OP_MACRO_FUSION_OFFPATH_total_count, 0,         17103

REPLAY_SIGNALED_count, 0,             0
REPLAY_SIGNALED_total_count, 0,             0

REPLAY_COUNTED_count, 0,             0
REPLAY_COUNTED_total_count, 0,             0

OFF_CRITICAL_PATH_count, 402,             0
OFF_CRITICAL_PATH_total_count, 402,             0

ON_CRITICAL_PATH_count, 402,             0
ON_CRITICAL_PATH_total_count, 402,             0

LD_NO_DEPENDENTS_count, 403,        242087
LD_NO_DEPENDENTS_total_count, 403,        726296

LD_DEPENDENTS_count, 403,       1679740
LD_DEPENDENTS_total_count, 403,       5038034

LD_EXEC_CYCLES_0_count, 404,             0
LD_EXEC_CYCLES_0_total_count, 404,             0

LD_EXEC_CYCLES_1_count, 404,             0
LD_EXEC_CYCLES_1_total_count, 404,             0

LD_EXEC_CYCLES_2_count, 404,             0
LD_EXEC_CYCLES_2_total_count, 404,             0

LD_EXEC_CYCLES_3_count, 404,             0
LD_EXEC_CYCLES_3_total_count, 404,             4

LD_EXEC_CYCLES_4_count, 404,             0
LD_EXEC_CYCLES_4_total_count, 404,             1

LD_RETIRED_ONPATH_count, 0,       1921827
LD_RETIRED_ONPATH_total_count, 0,       5764330

LD_EXEC_MINUS_FETCH_LATENCY_count, 0,     172931656
LD_EXEC_MINUS_FETCH_LATENCY_total_count, 0,     519540983

LD_RETIRE_MINUS_FETCH_LATENCY_count, 0,     253780729
LD_RETIRE_MINUS_FETCH_LATENCY_total_count, 0,     764031770

LD_EXEC_TO_DONE_LATENCY_count, 0,      13403699
LD_EXEC_TO_DONE_LATENCY_total_count, 0,      40259079

ICACHE_STAGE_STARVED_count, 405,          1793
ICACHE_STAGE_STARVED_total_count, 405,         32828

ICACHE_STAGE_NOT_STARVED_count, 405,       3019793
ICACHE_STAGE_NOT_STARVED_total_count, 405,       9102296

ICACHE_STAGE_STALLED_count, 406,       1459333
ICACHE_STAGE_STALLED_total_count, 406,       4420430

ICACHE_STAGE_NOT_STALLED_count, 406,       1562253
ICACHE_STAGE_NOT_STALLED_total_count, 406,       4714694

ICACHE_STAGE_OFF_PATH_count, 406,         18240
ICACHE_STAGE_OFF_PATH_total_count, 406,         90277

DECODE_STAGE_STARVED_count, 407,       3034527
DECODE_STAGE_STARVED_total_count, 407,       9183703

DECODE_STAGE_NOT_STARVED_count, 407,          1062
DECODE_STAGE_NOT_STARVED_total_count, 407,          6404

DECODE_STAGE_STALLED_count, 408,           625
DECODE_STAGE_STALLED_total_count, 408,          2492

DECODE_STAGE_NOT_STALLED_count, 408,       3034964
DECODE_STAGE_NOT_STALLED_total_count, 408,       9187615

DECODE_STAGE_OFF_PATH_count, 408,          4237
DECODE_STAGE_OFF_PATH_total_count, 408,         35294

UOPQ_STAGE_STARVED_count, 409,          8600
UOPQ_STAGE_STARVED_total_count, 409,         77302

UOPQ_STAGE_NOT_STARVED_count, 409,       1556965
UOPQ_STAGE_NOT_STARVED_total_count, 409,       4667930

UOPQ_STAGE_STALLED_count, 410,       1458321
UOPQ_STAGE_STALLED_total_count, 410,       4416152

UOPQ_STAGE_NOT_STALLED_count, 410,       1565565
UOPQ_STAGE_NOT_STALLED_total_count, 410,       4745232

UOPQ_STAGE_OFF_PATH_count, 410,         15940
UOPQ_STAGE_OFF_PATH_total_count, 410,         64017

RS_OP_READY_NOT_ISSUED_TOTAL_count, 0,       3021295
RS_OP_READY_NOT_ISSUED_TOTAL_total_count, 0,       9168763

RS_0_OP_READY_NOT_ISSUED_count, 0,       2467883
RS_0_OP_READY_NOT_ISSUED_total_count, 0,       7511992

RS_1_OP_READY_NOT_ISSUED_count, 0,         34954
RS_1_OP_READY_NOT_ISSUED_total_count, 0,        105969

RS_2_OP_READY_NOT_ISSUED_count, 0,        518458
RS_2_OP_READY_NOT_ISSUED_total_count, 0,       1550802

RS_3_OP_READY_NOT_ISSUED_count, 0,             0
RS_3_OP_READY_NOT_ISSUED_total_count, 0,             0

RS_4_OP_READY_NOT_ISSUED_count, 0,             0
RS_4_OP_READY_NOT_ISSUED_total_count, 0,             0

RS_5_OP_READY_NOT_ISSUED_count, 0,             0
RS_5_OP_READY_NOT_ISSUED_total_count, 0,             0

RS_6_OP_READY_NOT_ISSUED_count, 0,             0
RS_6_OP_READY_NOT_ISSUED_total_count, 0,             0

RS_7_OP_READY_NOT_ISSUED_count, 0,             0
RS_7_OP_READY_NOT_ISSUED_total_count, 0,             0

RS_7_PLUS_OP_READY_NOT_ISSUED_count, 0,             0
RS_7_PLUS_OP_READY_NOT_ISSUED_total_count, 0,             0

FU_IDLE_NO_READY_OPS_TOTAL_count, 0,      10478281
FU_IDLE_NO_READY_OPS_TOTAL_total_count, 0,      32421343

FU_0_IDLE_NO_READY_OPS_count, 0,        436704
FU_0_IDLE_NO_READY_OPS_total_count, 0,       1404255

FU_1_IDLE_NO_READY_OPS_count, 0,        555799
FU_1_IDLE_NO_READY_OPS_total_count, 0,       1759164

FU_2_IDLE_NO_READY_OPS_count, 0,       1476911
FU_2_IDLE_NO_READY_OPS_total_count, 0,       4532185

FU_3_IDLE_NO_READY_OPS_count, 0,       1476828
FU_3_IDLE_NO_READY_OPS_total_count, 0,       4531887

FU_4_IDLE_NO_READY_OPS_count, 0,        582056
FU_4_IDLE_NO_READY_OPS_total_count, 0,       1844123

FU_5_IDLE_NO_READY_OPS_count, 0,        423664
FU_5_IDLE_NO_READY_OPS_total_count, 0,       1367012

FU_6_IDLE_NO_READY_OPS_count, 0,       1747924
FU_6_IDLE_NO_READY_OPS_total_count, 0,       5346384

FU_7_IDLE_NO_READY_OPS_count, 0,       1743696
FU_7_IDLE_NO_READY_OPS_total_count, 0,       5338151

FU_8_IDLE_NO_READY_OPS_count, 0,        557812
FU_8_IDLE_NO_READY_OPS_total_count, 0,       1766354

FU_9_IDLE_NO_READY_OPS_count, 0,       1476887
FU_9_IDLE_NO_READY_OPS_total_count, 0,       4531828

FU_10_IDLE_NO_READY_OPS_count, 0,             0
FU_10_IDLE_NO_READY_OPS_total_count, 0,             0

FU_11_IDLE_NO_READY_OPS_count, 0,             0
FU_11_IDLE_NO_READY_OPS_total_count, 0,             0

FU_12_IDLE_NO_READY_OPS_count, 0,             0
FU_12_IDLE_NO_READY_OPS_total_count, 0,             0

FU_13_IDLE_NO_READY_OPS_count, 0,             0
FU_13_IDLE_NO_READY_OPS_total_count, 0,             0

FU_14_IDLE_NO_READY_OPS_count, 0,             0
FU_14_IDLE_NO_READY_OPS_total_count, 0,             0

FU_15_IDLE_NO_READY_OPS_count, 0,             0
FU_15_IDLE_NO_READY_OPS_total_count, 0,             0

FU_16_IDLE_NO_READY_OPS_count, 0,             0
FU_16_IDLE_NO_READY_OPS_total_count, 0,             0

FU_17_IDLE_NO_READY_OPS_count, 0,             0
FU_17_IDLE_NO_READY_OPS_total_count, 0,             0

FU_18_IDLE_NO_READY_OPS_count, 0,             0
FU_18_IDLE_NO_READY_OPS_total_count, 0,             0

FU_19_IDLE_NO_READY_OPS_count, 0,             0
FU_19_IDLE_NO_READY_OPS_total_count, 0,             0

FU_20_IDLE_NO_READY_OPS_count, 0,             0
FU_20_IDLE_NO_READY_OPS_total_count, 0,             0

FU_21_IDLE_NO_READY_OPS_count, 0,             0
FU_21_IDLE_NO_READY_OPS_total_count, 0,             0

FU_22_IDLE_NO_READY_OPS_count, 0,             0
FU_22_IDLE_NO_READY_OPS_total_count, 0,             0

FU_23_IDLE_NO_READY_OPS_count, 0,             0
FU_23_IDLE_NO_READY_OPS_total_count, 0,             0

FU_24_IDLE_NO_READY_OPS_count, 0,             0
FU_24_IDLE_NO_READY_OPS_total_count, 0,             0

FU_25_IDLE_NO_READY_OPS_count, 0,             0
FU_25_IDLE_NO_READY_OPS_total_count, 0,             0

FU_26_IDLE_NO_READY_OPS_count, 0,             0
FU_26_IDLE_NO_READY_OPS_total_count, 0,             0

FU_27_IDLE_NO_READY_OPS_count, 0,             0
FU_27_IDLE_NO_READY_OPS_total_count, 0,             0

FU_28_IDLE_NO_READY_OPS_count, 0,             0
FU_28_IDLE_NO_READY_OPS_total_count, 0,             0

FU_29_IDLE_NO_READY_OPS_count, 0,             0
FU_29_IDLE_NO_READY_OPS_total_count, 0,             0

FU_30_IDLE_NO_READY_OPS_count, 0,             0
FU_30_IDLE_NO_READY_OPS_total_count, 0,             0

FU_31_IDLE_NO_READY_OPS_count, 0,             0
FU_31_IDLE_NO_READY_OPS_total_count, 0,             0

FU_31_PLUS_IDLE_NO_READY_OPS_count, 0,             0
FU_31_PLUS_IDLE_NO_READY_OPS_total_count, 0,             0

MAP_STAGE_STARVED_count, 411,          2501
MAP_STAGE_STARVED_total_count, 411,         42259

MAP_STAGE_NOT_STARVED_count, 411,       1949611
MAP_STAGE_NOT_STARVED_total_count, 411,       5851508

MAP_STAGE_STALLED_count, 412,             0
MAP_STAGE_STALLED_total_count, 412,             0

MAP_STAGE_NOT_STALLED_count, 412,       1952112
MAP_STAGE_NOT_STALLED_total_count, 412,       5893767

MAP_STAGE_OFF_PATH_count, 412,          5693
MAP_STAGE_OFF_PATH_total_count, 412,         38389

MAP_STAGE_STALL_ITSELF_count, 413,       1082021
MAP_STAGE_STALL_ITSELF_total_count, 413,       3293245

MAP_STAGE_NOT_STALL_ITSELF_count, 413,       1957805
MAP_STAGE_NOT_STALL_ITSELF_total_count, 413,       5932156

MAP_STAGE_LATE_ALLOCATE_SEND_BACK_count, 0,             0
MAP_STAGE_LATE_ALLOCATE_SEND_BACK_total_count, 0,             0

MAP_STAGE_RENAME_OP_ONPATH_count, 0,      11694445
MAP_STAGE_RENAME_OP_ONPATH_total_count, 0,      35087723

MAP_STAGE_RENAME_OP_OFFPATH_count, 0,         30284
MAP_STAGE_RENAME_OP_OFFPATH_total_count, 0,        158510

MAP_STAGE_RENAME_INT_REG_ONPATH_count, 0,       9973808
MAP_STAGE_RENAME_INT_REG_ONPATH_total_count, 0,      29938815

MAP_STAGE_RENAME_INT_REG_OFFPATH_count, 0,         23240
MAP_STAGE_RENAME_INT_REG_OFFPATH_total_count, 0,        104681

MAP_STAGE_RENAME_VEC_REG_ONPATH_count, 0,        212469
MAP_STAGE_RENAME_VEC_REG_ONPATH_total_count, 0,        631544

MAP_STAGE_RENAME_VEC_REG_OFFPATH_count, 0,           977
MAP_STAGE_RENAME_VEC_REG_OFFPATH_total_count, 0,          2975

MAP_STAGE_RENAME_MOVE_ELIM_ONPATH_count, 0,             0
MAP_STAGE_RENAME_MOVE_ELIM_ONPATH_total_count, 0,             0

MAP_STAGE_RENAME_MOVE_ELIM_OFFPATH_count, 0,             0
MAP_STAGE_RENAME_MOVE_ELIM_OFFPATH_total_count, 0,             0

REG_FILE_UTIL_SAMPLES_count, 0,       3039826
REG_FILE_UTIL_SAMPLES_total_count, 0,       9225401

REG_FILE_INT_PHYS_REGS_SUM_count, 0,     851151280
REG_FILE_INT_PHYS_REGS_SUM_total_count, 0,    2583112280

REG_FILE_VEC_PHYS_REGS_SUM_count, 0,    1009222232
REG_FILE_VEC_PHYS_REGS_SUM_total_count, 0,    3062833132

REG_FILE_INT_OCCUPIED_SUM_count, 0,     732499659
REG_FILE_INT_OCCUPIED_SUM_total_count, 0,    2211110114

REG_FILE_VEC_OCCUPIED_SUM_count, 0,     117488166
REG_FILE_VEC_OCCUPIED_SUM_total_count, 0,     355269563

MAP_STAGE_ONPATH_INT_REG_NUM_ALLOC_count, 0,       9974043
MAP_STAGE_ONPATH_INT_REG_NUM_ALLOC_total_count, 0,      29938796

MAP_STAGE_ONPATH_VEC_REG_NUM_ALLOC_count, 0,        212489
MAP_STAGE_ONPATH_VEC_REG_NUM_ALLOC_total_count, 0,        631533

MAP_STAGE_ONPATH_INT_REG_NUM_SHORTLIVE_count, 0,       4295742
MAP_STAGE_ONPATH_INT_REG_NUM_SHORTLIVE_total_count, 0,      12884254

MAP_STAGE_ONPATH_VEC_REG_NUM_SHORTLIVE_count, 0,         76631
MAP_STAGE_ONPATH_VEC_REG_NUM_SHORTLIVE_total_count, 0,        225811

MAP_STAGE_ONPATH_INT_REG_USE_COUNT_0_count, 0,       2131478
MAP_STAGE_ONPATH_INT_REG_USE_COUNT_0_total_count, 0,       6402325

MAP_STAGE_ONPATH_VEC_REG_USE_COUNT_0_count, 0,         75442
MAP_STAGE_ONPATH_VEC_REG_USE_COUNT_0_total_count, 0,        225373

MAP_STAGE_ONPATH_INT_REG_USE_COUNT_1_count, 0,       5022042
MAP_STAGE_ONPATH_INT_REG_USE_COUNT_1_total_count, 0,      15068342

MAP_STAGE_ONPATH_VEC_REG_USE_COUNT_1_count, 0,        122014
MAP_STAGE_ONPATH_VEC_REG_USE_COUNT_1_total_count, 0,        361162

MAP_STAGE_ONPATH_INT_REG_USE_COUNT_2_count, 0,       1996156
MAP_STAGE_ONPATH_INT_REG_USE_COUNT_2_total_count, 0,       5993786

MAP_STAGE_ONPATH_VEC_REG_USE_COUNT_2_count, 0,             0
MAP_STAGE_ONPATH_VEC_REG_USE_COUNT_2_total_count, 0,            33

MAP_STAGE_ONPATH_INT_REG_USE_COUNT_3_count, 0,        279953
MAP_STAGE_ONPATH_INT_REG_USE_COUNT_3_total_count, 0,        841252

MAP_STAGE_ONPATH_VEC_REG_USE_COUNT_3_count, 0,             0
MAP_STAGE_ONPATH_VEC_REG_USE_COUNT_3_total_count, 0,             0

MAP_STAGE_ONPATH_INT_REG_USE_COUNT_4_count, 0,        211735
MAP_STAGE_ONPATH_INT_REG_USE_COUNT_4_total_count, 0,        635174

MAP_STAGE_ONPATH_VEC_REG_USE_COUNT_4_count, 0,         15033
MAP_STAGE_ONPATH_VEC_REG_USE_COUNT_4_total_count, 0,         44962

MAP_STAGE_ONPATH_INT_REG_USE_COUNT_5_count, 0,         75321
MAP_STAGE_ONPATH_INT_REG_USE_COUNT_5_total_count, 0,        227407

MAP_STAGE_ONPATH_VEC_REG_USE_COUNT_5_count, 0,             0
MAP_STAGE_ONPATH_VEC_REG_USE_COUNT_5_total_count, 0,             1

MAP_STAGE_ONPATH_INT_REG_USE_COUNT_6_count, 0,        120782
MAP_STAGE_ONPATH_INT_REG_USE_COUNT_6_total_count, 0,        362708

MAP_STAGE_ONPATH_VEC_REG_USE_COUNT_6_count, 0,             0
MAP_STAGE_ONPATH_VEC_REG_USE_COUNT_6_total_count, 0,             0

MAP_STAGE_ONPATH_INT_REG_USE_COUNT_7_PLUS_count, 0,        136576
MAP_STAGE_ONPATH_INT_REG_USE_COUNT_7_PLUS_total_count, 0,        407802

MAP_STAGE_ONPATH_VEC_REG_USE_COUNT_7_PLUS_count, 0,             0
MAP_STAGE_ONPATH_VEC_REG_USE_COUNT_7_PLUS_total_count, 0,             2

MAP_STAGE_ONPATH_INT_REG_CONSUME_DIST_0_count, 0,             0
MAP_STAGE_ONPATH_INT_REG_CONSUME_DIST_0_pct, 0,        0.000
MAP_STAGE_ONPATH_INT_REG_CONSUME_DIST_0_total_count, 0,             0
MAP_STAGE_ONPATH_INT_REG_CONSUME_DIST_0_total_pct, 0,        0.000

MAP_STAGE_ONPATH_VEC_REG_CONSUME_DIST_0_count, 0,             0
MAP_STAGE_ONPATH_VEC_REG_CONSUME_DIST_0_pct, 0,        0.000
MAP_STAGE_ONPATH_VEC_REG_CONSUME_DIST_0_total_count, 0,             0
MAP_STAGE_ONPATH_VEC_REG_CONSUME_DIST_0_total_pct, 0,        0.000

MAP_STAGE_ONPATH_INT_REG_CONSUME_DIST_1_count, 0,             0
MAP_STAGE_ONPATH_INT_REG_CONSUME_DIST_1_pct, 0,        0.000
MAP_STAGE_ONPATH_INT_REG_CONSUME_DIST_1_total_count, 0,             0
MAP_STAGE_ONPATH_INT_REG_CONSUME_DIST_1_total_pct, 0,        0.000

MAP_STAGE_ONPATH_VEC_REG_CONSUME_DIST_1_count, 0,             0
MAP_STAGE_ONPATH_VEC_REG_CONSUME_DIST_1_pct, 0,        0.000
MAP_STAGE_ONPATH_VEC_REG_CONSUME_DIST_1_total_count, 0,             0
MAP_STAGE_ONPATH_VEC_REG_CONSUME_DIST_1_total_pct, 0,        0.000

MAP_STAGE_ONPATH_INT_REG_CONSUME_DIST_2_count, 0,       5051185
MAP_STAGE_ONPATH_INT_REG_CONSUME_DIST_2_pct, 0,        2.530
MAP_STAGE_ONPATH_INT_REG_CONSUME_DIST_2_total_count, 0,      15215299
MAP_STAGE_ONPATH_INT_REG_CONSUME_DIST_2_total_pct, 0,        2.539

MAP_STAGE_ONPATH_VEC_REG_CONSUME_DIST_2_count, 0,             0
MAP_STAGE_ONPATH_VEC_REG_CONSUME_DIST_2_pct, 0,         -nan
MAP_STAGE_ONPATH_VEC_REG_CONSUME_DIST_2_total_count, 0,         27836
MAP_STAGE_ONPATH_VEC_REG_CONSUME_DIST_2_total_pct, 0,      843.515

MAP_STAGE_ONPATH_INT_REG_CONSUME_DIST_3_count, 0,       1361303
MAP_STAGE_ONPATH_INT_REG_CONSUME_DIST_3_pct, 0,        4.863
MAP_STAGE_ONPATH_INT_REG_CONSUME_DIST_3_total_count, 0,       4200207
MAP_STAGE_ONPATH_INT_REG_CONSUME_DIST_3_total_pct, 0,        4.993

MAP_STAGE_ONPATH_VEC_REG_CONSUME_DIST_3_count, 0,             0
MAP_STAGE_ONPATH_VEC_REG_CONSUME_DIST_3_pct, 0,         -nan
MAP_STAGE_ONPATH_VEC_REG_CONSUME_DIST_3_total_count, 0,             0
MAP_STAGE_ONPATH_VEC_REG_CONSUME_DIST_3_total_pct, 0,         -nan

MAP_STAGE_ONPATH_INT_REG_CONSUME_DIST_4_count, 0,       2223910
MAP_STAGE_ONPATH_INT_REG_CONSUME_DIST_4_pct, 0,       10.503
MAP_STAGE_ONPATH_INT_REG_CONSUME_DIST_4_total_count, 0,       6761678
MAP_STAGE_ONPATH_INT_REG_CONSUME_DIST_4_total_pct, 0,       10.645

MAP_STAGE_ONPATH_VEC_REG_CONSUME_DIST_4_count, 0,         15033
MAP_STAGE_ONPATH_VEC_REG_CONSUME_DIST_4_pct, 0,        1.000
MAP_STAGE_ONPATH_VEC_REG_CONSUME_DIST_4_total_count, 0,         44970
MAP_STAGE_ONPATH_VEC_REG_CONSUME_DIST_4_total_pct, 0,        1.000

MAP_STAGE_ONPATH_INT_REG_CONSUME_DIST_5_count, 0,       1504223
MAP_STAGE_ONPATH_INT_REG_CONSUME_DIST_5_pct, 0,       19.971
MAP_STAGE_ONPATH_INT_REG_CONSUME_DIST_5_total_count, 0,       4599527
MAP_STAGE_ONPATH_INT_REG_CONSUME_DIST_5_total_pct, 0,       20.226

MAP_STAGE_ONPATH_VEC_REG_CONSUME_DIST_5_count, 0,             0
MAP_STAGE_ONPATH_VEC_REG_CONSUME_DIST_5_pct, 0,         -nan
MAP_STAGE_ONPATH_VEC_REG_CONSUME_DIST_5_total_count, 0,             4
MAP_STAGE_ONPATH_VEC_REG_CONSUME_DIST_5_total_pct, 0,        4.000

MAP_STAGE_ONPATH_INT_REG_CONSUME_DIST_6_count, 0,       3334257
MAP_STAGE_ONPATH_INT_REG_CONSUME_DIST_6_pct, 0,       27.606
MAP_STAGE_ONPATH_INT_REG_CONSUME_DIST_6_total_count, 0,      10064771
MAP_STAGE_ONPATH_INT_REG_CONSUME_DIST_6_total_pct, 0,       27.749

MAP_STAGE_ONPATH_VEC_REG_CONSUME_DIST_6_count, 0,             0
MAP_STAGE_ONPATH_VEC_REG_CONSUME_DIST_6_pct, 0,         -nan
MAP_STAGE_ONPATH_VEC_REG_CONSUME_DIST_6_total_count, 0,             0
MAP_STAGE_ONPATH_VEC_REG_CONSUME_DIST_6_total_pct, 0,         -nan

MAP_STAGE_ONPATH_INT_REG_CONSUME_DIST_7_PLUS_count, 0,       7784391
MAP_STAGE_ONPATH_INT_REG_CONSUME_DIST_7_PLUS_pct, 0,       56.997
MAP_STAGE_ONPATH_INT_REG_CONSUME_DIST_7_PLUS_total_count, 0,      23251630
MAP_STAGE_ONPATH_INT_REG_CONSUME_DIST_7_PLUS_total_pct, 0,       57.017

MAP_STAGE_ONPATH_VEC_REG_CONSUME_DIST_7_PLUS_count, 0,             0
MAP_STAGE_ONPATH_VEC_REG_CONSUME_DIST_7_PLUS_pct, 0,         -nan
MAP_STAGE_ONPATH_VEC_REG_CONSUME_DIST_7_PLUS_total_count, 0,          6619
MAP_STAGE_ONPATH_VEC_REG_CONSUME_DIST_7_PLUS_total_pct, 0,     3309.500

MAP_STAGE_INT_REG_ISSUE_READ_TOTAL_CONSUMED_count, 0,      13618423
MAP_STAGE_INT_REG_ISSUE_READ_TOTAL_CONSUMED_pct, 0,        5.150
MAP_STAGE_INT_REG_ISSUE_READ_TOTAL_CONSUMED_total_count, 0,      40873323
MAP_STAGE_INT_REG_ISSUE_READ_TOTAL_CONSUMED_total_pct, 0,        5.146

MAP_STAGE_VEC_REG_ISSUE_READ_TOTAL_CONSUMED_count, 0,        182221
MAP_STAGE_VEC_REG_ISSUE_READ_TOTAL_CONSUMED_pct, 0,        0.069
MAP_STAGE_VEC_REG_ISSUE_READ_TOTAL_CONSUMED_total_count, 0,        541494
MAP_STAGE_VEC_REG_ISSUE_READ_TOTAL_CONSUMED_total_pct, 0,        0.068

MAP_STAGE_INT_REG_ISSUE_READ_MULTI_CONSUMED_count, 0,       5771248
MAP_STAGE_INT_REG_ISSUE_READ_MULTI_CONSUMED_pct, 0,        2.183
MAP_STAGE_INT_REG_ISSUE_READ_MULTI_CONSUMED_total_count, 0,      17311245
MAP_STAGE_INT_REG_ISSUE_READ_MULTI_CONSUMED_total_pct, 0,        2.180

MAP_STAGE_VEC_REG_ISSUE_READ_MULTI_CONSUMED_count, 0,         45107
MAP_STAGE_VEC_REG_ISSUE_READ_MULTI_CONSUMED_pct, 0,        0.017
MAP_STAGE_VEC_REG_ISSUE_READ_MULTI_CONSUMED_total_count, 0,        135040
MAP_STAGE_VEC_REG_ISSUE_READ_MULTI_CONSUMED_total_pct, 0,        0.017

MAP_STAGE_INT_REG_ISSUE_READ_SAME_CYCLE_CONSUMED_count, 0,       2927704
MAP_STAGE_INT_REG_ISSUE_READ_SAME_CYCLE_CONSUMED_pct, 0,        1.107
MAP_STAGE_INT_REG_ISSUE_READ_SAME_CYCLE_CONSUMED_total_count, 0,       8776853
MAP_STAGE_INT_REG_ISSUE_READ_SAME_CYCLE_CONSUMED_total_pct, 0,        1.105

MAP_STAGE_VEC_REG_ISSUE_READ_SAME_CYCLE_CONSUMED_count, 0,         30064
MAP_STAGE_VEC_REG_ISSUE_READ_SAME_CYCLE_CONSUMED_pct, 0,        0.011
MAP_STAGE_VEC_REG_ISSUE_READ_SAME_CYCLE_CONSUMED_total_count, 0,         89946
MAP_STAGE_VEC_REG_ISSUE_READ_SAME_CYCLE_CONSUMED_total_pct, 0,        0.011

MAP_STAGE_INT_REG_ISSUE_READ_TOTAL_CONSUMED_ONPATH_count, 0,      13608751
MAP_STAGE_INT_REG_ISSUE_READ_TOTAL_CONSUMED_ONPATH_pct, 0,        5.155
MAP_STAGE_INT_REG_ISSUE_READ_TOTAL_CONSUMED_ONPATH_total_count, 0,      40820628
MAP_STAGE_INT_REG_ISSUE_READ_TOTAL_CONSUMED_ONPATH_total_pct, 0,        5.156

MAP_STAGE_VEC_REG_ISSUE_READ_TOTAL_CONSUMED_ONPATH_count, 0,        182139
MAP_STAGE_VEC_REG_ISSUE_READ_TOTAL_CONSUMED_ONPATH_pct, 0,        0.069
MAP_STAGE_VEC_REG_ISSUE_READ_TOTAL_CONSUMED_ONPATH_total_count, 0,        541142
MAP_STAGE_VEC_REG_ISSUE_READ_TOTAL_CONSUMED_ONPATH_total_pct, 0,        0.068

MAP_STAGE_INT_REG_ISSUE_READ_MULTI_CONSUMED_ONPATH_count, 0,       5766221
MAP_STAGE_INT_REG_ISSUE_READ_MULTI_CONSUMED_ONPATH_pct, 0,        2.184
MAP_STAGE_INT_REG_ISSUE_READ_MULTI_CONSUMED_ONPATH_total_count, 0,      17284133
MAP_STAGE_INT_REG_ISSUE_READ_MULTI_CONSUMED_ONPATH_total_pct, 0,        2.183

MAP_STAGE_VEC_REG_ISSUE_READ_MULTI_CONSUMED_ONPATH_count, 0,         45096
MAP_STAGE_VEC_REG_ISSUE_READ_MULTI_CONSUMED_ONPATH_pct, 0,        0.017
MAP_STAGE_VEC_REG_ISSUE_READ_MULTI_CONSUMED_ONPATH_total_count, 0,        134972
MAP_STAGE_VEC_REG_ISSUE_READ_MULTI_CONSUMED_ONPATH_total_pct, 0,        0.017

MAP_STAGE_INT_REG_ISSUE_READ_SAME_CYCLE_CONSUMED_ONPATH_count, 0,       2925364
MAP_STAGE_INT_REG_ISSUE_READ_SAME_CYCLE_CONSUMED_ONPATH_pct, 0,        1.108
MAP_STAGE_INT_REG_ISSUE_READ_SAME_CYCLE_CONSUMED_ONPATH_total_count, 0,       8764229
MAP_STAGE_INT_REG_ISSUE_READ_SAME_CYCLE_CONSUMED_ONPATH_total_pct, 0,        1.107

MAP_STAGE_VEC_REG_ISSUE_READ_SAME_CYCLE_CONSUMED_ONPATH_count, 0,         30064
MAP_STAGE_VEC_REG_ISSUE_READ_SAME_CYCLE_CONSUMED_ONPATH_pct, 0,        0.011
MAP_STAGE_VEC_REG_ISSUE_READ_SAME_CYCLE_CONSUMED_ONPATH_total_count, 0,         89936
MAP_STAGE_VEC_REG_ISSUE_READ_SAME_CYCLE_CONSUMED_ONPATH_total_pct, 0,        0.011

MAP_STAGE_ONPATH_INT_REG_LIFECYCLE_EMPTY_count, 0,     308411563
MAP_STAGE_ONPATH_INT_REG_LIFECYCLE_EMPTY_total_count, 0,     924228881

MAP_STAGE_ONPATH_VEC_REG_LIFECYCLE_EMPTY_count, 0,      12708147
MAP_STAGE_ONPATH_VEC_REG_LIFECYCLE_EMPTY_total_count, 0,      37592759

MAP_STAGE_ONPATH_INT_REG_LIFECYCLE_IN_USE_count, 0,     437522207
MAP_STAGE_ONPATH_INT_REG_LIFECYCLE_IN_USE_total_count, 0,    1314897942

MAP_STAGE_ONPATH_VEC_REG_LIFECYCLE_IN_USE_count, 0,      20121690
MAP_STAGE_ONPATH_VEC_REG_LIFECYCLE_IN_USE_total_count, 0,      59875896

MAP_STAGE_ONPATH_INT_REG_LIFECYCLE_SPEC_RELEASE_count, 0,     723572372
MAP_STAGE_ONPATH_INT_REG_LIFECYCLE_SPEC_RELEASE_total_count, 0,    2181968033

MAP_STAGE_ONPATH_VEC_REG_LIFECYCLE_SPEC_RELEASE_count, 0,      29548986
MAP_STAGE_ONPATH_VEC_REG_LIFECYCLE_SPEC_RELEASE_total_count, 0,      88312921

MAP_STAGE_ONPATH_INT_REG_LIFECYCLE_NONSPEC_RELEASE_count, 0,     723572372
MAP_STAGE_ONPATH_INT_REG_LIFECYCLE_NONSPEC_RELEASE_total_count, 0,    2181968033

MAP_STAGE_ONPATH_VEC_REG_LIFECYCLE_NONSPEC_RELEASE_count, 0,      29548986
MAP_STAGE_ONPATH_VEC_REG_LIFECYCLE_NONSPEC_RELEASE_total_count, 0,      88312921

MAP_STAGE_ONPATH_INT_REG_LIFECYCLE_TOTAL_count, 0,     723572372
MAP_STAGE_ONPATH_INT_REG_LIFECYCLE_TOTAL_total_count, 0,    2181968033

MAP_STAGE_ONPATH_VEC_REG_LIFECYCLE_TOTAL_count, 0,      29548986
MAP_STAGE_ONPATH_VEC_REG_LIFECYCLE_TOTAL_total_count, 0,      88312921

MAP_STAGE_ONPATH_INT_REG_NUM_NONBRANCH_count, 0,       9974043
MAP_STAGE_ONPATH_INT_REG_NUM_NONBRANCH_total_count, 0,      29938796

MAP_STAGE_ONPATH_VEC_REG_NUM_NONBRANCH_count, 0,        212489
MAP_STAGE_ONPATH_VEC_REG_NUM_NONBRANCH_total_count, 0,        631533

MAP_STAGE_ONPATH_INT_REG_NUM_NONEXCEPT_count, 0,       9974043
MAP_STAGE_ONPATH_INT_REG_NUM_NONEXCEPT_total_count, 0,      29938796

MAP_STAGE_ONPATH_VEC_REG_NUM_NONEXCEPT_count, 0,        212489
MAP_STAGE_ONPATH_VEC_REG_NUM_NONEXCEPT_total_count, 0,        631533

MAP_STAGE_ONPATH_INT_REG_NUM_ATOMIC_count, 0,       9974043
MAP_STAGE_ONPATH_INT_REG_NUM_ATOMIC_total_count, 0,      29938796

MAP_STAGE_ONPATH_VEC_REG_NUM_ATOMIC_count, 0,        212489
MAP_STAGE_ONPATH_VEC_REG_NUM_ATOMIC_total_count, 0,        631533

MAP_STAGE_ONPATH_INT_REG_ATOMIC_REDEFINED_DIST_TOTAL_count, 0,     723572372
MAP_STAGE_ONPATH_INT_REG_ATOMIC_REDEFINED_DIST_TOTAL_pct, 0,       72.546
MAP_STAGE_ONPATH_INT_REG_ATOMIC_REDEFINED_DIST_TOTAL_total_count, 0,    2181968033
MAP_STAGE_ONPATH_INT_REG_ATOMIC_REDEFINED_DIST_TOTAL_total_pct, 0,       72.881

MAP_STAGE_ONPATH_VEC_REG_ATOMIC_REDEFINED_DIST_TOTAL_count, 0,      29548986
MAP_STAGE_ONPATH_VEC_REG_ATOMIC_REDEFINED_DIST_TOTAL_pct, 0,      139.061
MAP_STAGE_ONPATH_VEC_REG_ATOMIC_REDEFINED_DIST_TOTAL_total_count, 0,      88312921
MAP_STAGE_ONPATH_VEC_REG_ATOMIC_REDEFINED_DIST_TOTAL_total_pct, 0,      139.839

MAP_STAGE_ONPATH_INT_REG_ATOMIC_CONSUMED_DIST_TOTAL_count, 0,     437522207
MAP_STAGE_ONPATH_INT_REG_ATOMIC_CONSUMED_DIST_TOTAL_pct, 0,       43.866
MAP_STAGE_ONPATH_INT_REG_ATOMIC_CONSUMED_DIST_TOTAL_total_count, 0,    1314897942
MAP_STAGE_ONPATH_INT_REG_ATOMIC_CONSUMED_DIST_TOTAL_total_pct, 0,       43.920

MAP_STAGE_ONPATH_VEC_REG_ATOMIC_CONSUMED_DIST_TOTAL_count, 0,      20121690
MAP_STAGE_ONPATH_VEC_REG_ATOMIC_CONSUMED_DIST_TOTAL_pct, 0,       94.695
MAP_STAGE_ONPATH_VEC_REG_ATOMIC_CONSUMED_DIST_TOTAL_total_count, 0,      59875896
MAP_STAGE_ONPATH_VEC_REG_ATOMIC_CONSUMED_DIST_TOTAL_total_pct, 0,       94.810

MAP_STAGE_ONPATH_INT_REG_ATOMIC_RELEASE_DIST_TOTAL_count, 0,     723572372
MAP_STAGE_ONPATH_INT_REG_ATOMIC_RELEASE_DIST_TOTAL_pct, 0,       72.546
MAP_STAGE_ONPATH_INT_REG_ATOMIC_RELEASE_DIST_TOTAL_total_count, 0,    2181968033
MAP_STAGE_ONPATH_INT_REG_ATOMIC_RELEASE_DIST_TOTAL_total_pct, 0,       72.881

MAP_STAGE_ONPATH_VEC_REG_ATOMIC_RELEASE_DIST_TOTAL_count, 0,      29548986
MAP_STAGE_ONPATH_VEC_REG_ATOMIC_RELEASE_DIST_TOTAL_pct, 0,      139.061
MAP_STAGE_ONPATH_VEC_REG_ATOMIC_RELEASE_DIST_TOTAL_total_count, 0,      88312921
MAP_STAGE_ONPATH_VEC_REG_ATOMIC_RELEASE_DIST_TOTAL_total_pct, 0,      139.839

EXEC_STAGE_STARVED_count, 414,       2444125
EXEC_STAGE_STARVED_total_count, 414,       7411765

EXEC_STAGE_NOT_STARVED_count, 414,        590492
EXEC_STAGE_NOT_STARVED_total_count, 414,       1777605

EXEC_STAGE_OFF_PATH_count, 414,          5209
EXEC_STAGE_OFF_PATH_total_count, 414,         36031

FU_BUSY_0_count, 0,       1964490
FU_BUSY_0_total_count, 0,       5900959

FU_BUSY_1_count, 0,       1879058
FU_BUSY_1_total_count, 0,       5655286

FU_BUSY_2_count, 0,        642856
FU_BUSY_2_total_count, 0,       1929491

FU_BUSY_3_count, 0,        642924
FU_BUSY_3_total_count, 0,       1929812

FU_BUSY_4_count, 0,       1542609
FU_BUSY_4_total_count, 0,       4632337

FU_BUSY_5_count, 0,       2032665
FU_BUSY_5_total_count, 0,       6105672

FU_BUSY_6_count, 0,        683449
FU_BUSY_6_total_count, 0,       2048645

FU_BUSY_7_count, 0,        684127
FU_BUSY_7_total_count, 0,       2055780

FU_BUSY_8_count, 0,       1590689
FU_BUSY_8_total_count, 0,       4785494

FU_BUSY_9_count, 0,        642899
FU_BUSY_9_total_count, 0,       1929902

FU_BUSY_10_count, 0,             0
FU_BUSY_10_total_count, 0,             0

FU_BUSY_11_count, 0,             0
FU_BUSY_11_total_count, 0,             0

FU_BUSY_12_count, 0,             0
FU_BUSY_12_total_count, 0,             0

FU_BUSY_13_count, 0,             0
FU_BUSY_13_total_count, 0,             0

FU_BUSY_14_count, 0,             0
FU_BUSY_14_total_count, 0,             0

FU_BUSY_15_count, 0,             0
FU_BUSY_15_total_count, 0,             0

FU_BUSY_16_count, 0,             0
FU_BUSY_16_total_count, 0,             0

FU_BUSY_17_count, 0,             0
FU_BUSY_17_total_count, 0,             0

FU_BUSY_18_count, 0,             0
FU_BUSY_18_total_count, 0,             0

FU_BUSY_19_count, 0,             0
FU_BUSY_19_total_count, 0,             0

FU_BUSY_20_count, 0,             0
FU_BUSY_20_total_count, 0,             0

FU_BUSY_21_count, 0,             0
FU_BUSY_21_total_count, 0,             0

FU_BUSY_22_count, 0,             0
FU_BUSY_22_total_count, 0,             0

FU_BUSY_23_count, 0,             0
FU_BUSY_23_total_count, 0,             0

FU_BUSY_24_count, 0,             0
FU_BUSY_24_total_count, 0,             0

FU_BUSY_25_count, 0,             0
FU_BUSY_25_total_count, 0,             0

FU_BUSY_26_count, 0,             0
FU_BUSY_26_total_count, 0,             0

FU_BUSY_27_count, 0,             0
FU_BUSY_27_total_count, 0,             0

FU_BUSY_28_count, 0,             0
FU_BUSY_28_total_count, 0,             0

FU_BUSY_29_count, 0,             0
FU_BUSY_29_total_count, 0,             0

FU_BUSY_30_count, 0,             0
FU_BUSY_30_total_count, 0,             0

FU_BUSY_31_count, 0,             0
FU_BUSY_31_total_count, 0,             0

FU_REJECTED_OP_INV_NOT_SIMD_count, 415,             0
FU_REJECTED_OP_INV_NOT_SIMD_total_count, 415,             0

FU_REJECTED_OP_NOP_NOT_SIMD_count, 415,          2338
FU_REJECTED_OP_NOP_NOT_SIMD_total_count, 415,          7578

FU_REJECTED_OP_CF_NOT_SIMD_count, 415,             0
FU_REJECTED_OP_CF_NOT_SIMD_total_count, 415,            63

FU_REJECTED_OP_MOV_NOT_SIMD_count, 415,         50520
FU_REJECTED_OP_MOV_NOT_SIMD_total_count, 415,        148458

FU_REJECTED_OP_CMOV_NOT_SIMD_count, 415,             0
FU_REJECTED_OP_CMOV_NOT_SIMD_total_count, 415,             1

FU_REJECTED_OP_LDA_NOT_SIMD_count, 415,         14848
FU_REJECTED_OP_LDA_NOT_SIMD_total_count, 415,         45459

FU_REJECTED_OP_IMEM_NOT_SIMD_count, 415,          4320
FU_REJECTED_OP_IMEM_NOT_SIMD_total_count, 415,         12544

FU_REJECTED_OP_IADD_NOT_SIMD_count, 415,          4012
FU_REJECTED_OP_IADD_NOT_SIMD_total_count, 415,         11432

FU_REJECTED_OP_IMUL_NOT_SIMD_count, 415,        115471
FU_REJECTED_OP_IMUL_NOT_SIMD_total_count, 415,        346324

FU_REJECTED_OP_IDIV_NOT_SIMD_count, 415,             0
FU_REJECTED_OP_IDIV_NOT_SIMD_total_count, 415,            25

FU_REJECTED_OP_ICMP_NOT_SIMD_count, 415,             0
FU_REJECTED_OP_ICMP_NOT_SIMD_total_count, 415,            14

FU_REJECTED_OP_LOGIC_NOT_SIMD_count, 415,         14623
FU_REJECTED_OP_LOGIC_NOT_SIMD_total_count, 415,         43324

FU_REJECTED_OP_SHIFT_NOT_SIMD_count, 415,        149801
FU_REJECTED_OP_SHIFT_NOT_SIMD_total_count, 415,        454958

FU_REJECTED_OP_FMEM_NOT_SIMD_count, 415,             0
FU_REJECTED_OP_FMEM_NOT_SIMD_total_count, 415,             2

FU_REJECTED_OP_FCVT_NOT_SIMD_count, 415,             0
FU_REJECTED_OP_FCVT_NOT_SIMD_total_count, 415,             0

FU_REJECTED_OP_FADD_NOT_SIMD_count, 415,             0
FU_REJECTED_OP_FADD_NOT_SIMD_total_count, 415,             0

FU_REJECTED_OP_FMUL_NOT_SIMD_count, 415,             0
FU_REJECTED_OP_FMUL_NOT_SIMD_total_count, 415,             0

FU_REJECTED_OP_FMA_NOT_SIMD_count, 415,             0
FU_REJECTED_OP_FMA_NOT_SIMD_total_count, 415,             0

FU_REJECTED_OP_FDIV_NOT_SIMD_count, 415,             0
FU_REJECTED_OP_FDIV_NOT_SIMD_total_count, 415,             0

FU_REJECTED_OP_FCMP_NOT_SIMD_count, 415,             0
FU_REJECTED_OP_FCMP_NOT_SIMD_total_count, 415,             0

FU_REJECTED_OP_FCMOV_NOT_SIMD_count, 415,             0
FU_REJECTED_OP_FCMOV_NOT_SIMD_total_count, 415,             0

FU_REJECTED_OP_GATHER_NOT_SIMD_count, 415,             0
FU_REJECTED_OP_GATHER_NOT_SIMD_total_count, 415,             0

FU_REJECTED_OP_SCATTER_NOT_SIMD_count, 415,             0
FU_REJECTED_OP_SCATTER_NOT_SIMD_total_count, 415,             0

FU_REJECTED_OP_PIPELINED_FAST_NOT_SIMD_count, 415,             0
FU_REJECTED_OP_PIPELINED_FAST_NOT_SIMD_total_count, 415,             0

FU_REJECTED_OP_PIPELINED_MEDIUM_NOT_SIMD_count, 415,             0
FU_REJECTED_OP_PIPELINED_MEDIUM_NOT_SIMD_total_count, 415,             0

FU_REJECTED_OP_PIPELINED_SLOW_NOT_SIMD_count, 415,             0
FU_REJECTED_OP_PIPELINED_SLOW_NOT_SIMD_total_count, 415,             0

FU_REJECTED_OP_NOTPIPELINED_MEDIUM_NOT_SIMD_count, 415,             0
FU_REJECTED_OP_NOTPIPELINED_MEDIUM_NOT_SIMD_total_count, 415,             0

FU_REJECTED_OP_NOTPIPELINED_SLOW_NOT_SIMD_count, 415,             0
FU_REJECTED_OP_NOTPIPELINED_SLOW_NOT_SIMD_total_count, 415,             0

FU_REJECTED_OP_NOTPIPELINED_VERY_SLOW_NOT_SIMD_count, 415,             0
FU_REJECTED_OP_NOTPIPELINED_VERY_SLOW_NOT_SIMD_total_count, 415,             0

FU_REJECTED_OP_INV_SIMD_count, 415,             0
FU_REJECTED_OP_INV_SIMD_total_count, 415,             0

FU_REJECTED_OP_NOP_SIMD_count, 415,             0
FU_REJECTED_OP_NOP_SIMD_total_count, 415,          3620

FU_REJECTED_OP_CF_SIMD_count, 415,             0
FU_REJECTED_OP_CF_SIMD_total_count, 415,             0

FU_REJECTED_OP_MOV_SIMD_count, 415,             0
FU_REJECTED_OP_MOV_SIMD_total_count, 415,            13

FU_REJECTED_OP_CMOV_SIMD_count, 415,             0
FU_REJECTED_OP_CMOV_SIMD_total_count, 415,             0

FU_REJECTED_OP_LDA_SIMD_count, 415,             0
FU_REJECTED_OP_LDA_SIMD_total_count, 415,             0

FU_REJECTED_OP_IMEM_SIMD_count, 415,             0
FU_REJECTED_OP_IMEM_SIMD_total_count, 415,             0

FU_REJECTED_OP_IADD_SIMD_count, 415,             0
FU_REJECTED_OP_IADD_SIMD_total_count, 415,             0

FU_REJECTED_OP_IMUL_SIMD_count, 415,             0
FU_REJECTED_OP_IMUL_SIMD_total_count, 415,             0

FU_REJECTED_OP_IDIV_SIMD_count, 415,             0
FU_REJECTED_OP_IDIV_SIMD_total_count, 415,             0

FU_REJECTED_OP_ICMP_SIMD_count, 415,             0
FU_REJECTED_OP_ICMP_SIMD_total_count, 415,             0

FU_REJECTED_OP_LOGIC_SIMD_count, 415,             0
FU_REJECTED_OP_LOGIC_SIMD_total_count, 415,             0

FU_REJECTED_OP_SHIFT_SIMD_count, 415,             0
FU_REJECTED_OP_SHIFT_SIMD_total_count, 415,             0

FU_REJECTED_OP_FMEM_SIMD_count, 415,             0
FU_REJECTED_OP_FMEM_SIMD_total_count, 415,             0

FU_REJECTED_OP_FCVT_SIMD_count, 415,             0
FU_REJECTED_OP_FCVT_SIMD_total_count, 415,             0

FU_REJECTED_OP_FADD_SIMD_count, 415,             0
FU_REJECTED_OP_FADD_SIMD_total_count, 415,           438

FU_REJECTED_OP_FMUL_SIMD_count, 415,             0
FU_REJECTED_OP_FMUL_SIMD_total_count, 415,             0

FU_REJECTED_OP_FMA_SIMD_count, 415,             0
FU_REJECTED_OP_FMA_SIMD_total_count, 415,             0

FU_REJECTED_OP_FDIV_SIMD_count, 415,             0
FU_REJECTED_OP_FDIV_SIMD_total_count, 415,             0

FU_REJECTED_OP_FCMP_SIMD_count, 415,             0
FU_REJECTED_OP_FCMP_SIMD_total_count, 415,             0

FU_REJECTED_OP_FCMOV_SIMD_count, 415,             0
FU_REJECTED_OP_FCMOV_SIMD_total_count, 415,             0

FU_REJECTED_OP_GATHER_SIMD_count, 415,             0
FU_REJECTED_OP_GATHER_SIMD_total_count, 415,             0

FU_REJECTED_OP_SCATTER_SIMD_count, 415,             0
FU_REJECTED_OP_SCATTER_SIMD_total_count, 415,             0

FU_REJECTED_OP_PIPELINED_FAST_SIMD_count, 415,             0
FU_REJECTED_OP_PIPELINED_FAST_SIMD_total_count, 415,             0

FU_REJECTED_OP_PIPELINED_MEDIUM_SIMD_count, 415,             0
FU_REJECTED_OP_PIPELINED_MEDIUM_SIMD_total_count, 415,             0

FU_REJECTED_OP_PIPELINED_SLOW_SIMD_count, 415,             0
FU_REJECTED_OP_PIPELINED_SLOW_SIMD_total_count, 415,             0

FU_REJECTED_OP_NOTPIPELINED_MEDIUM_SIMD_count, 415,             0
FU_REJECTED_OP_NOTPIPELINED_MEDIUM_SIMD_total_count, 415,             0

FU_REJECTED_OP_NOTPIPELINED_SLOW_SIMD_count, 415,             0
FU_REJECTED_OP_NOTPIPELINED_SLOW_SIMD_total_count, 415,             0

FU_REJECTED_OP_NOTPIPELINED_VERY_SLOW_SIMD_count, 415,             0
FU_REJECTED_OP_NOTPIPELINED_VERY_SLOW_SIMD_total_count, 415,             0

LSQ_FULL_TOTAL_count, 0,             0
LSQ_FULL_TOTAL_total_count, 0,             0

LSQ_FULL_LOAD_QUEUE_count, 0,             0
LSQ_FULL_LOAD_QUEUE_total_count, 0,             0

LSQ_FULL_STORE_QUEUE_count, 0,             0
LSQ_FULL_STORE_QUEUE_total_count, 0,             0

OP_WAIT_0_count, 0,       8832357
OP_WAIT_0_total_count, 0,      26492668

OP_WAIT_1_count, 0,       1613372
OP_WAIT_1_total_count, 0,       4862004

OP_WAIT_2_count, 0,        472089
OP_WAIT_2_total_count, 0,       1415144

OP_WAIT_3_count, 0,        245830
OP_WAIT_3_total_count, 0,        739488

OP_WAIT_4_count, 0,        166830
OP_WAIT_4_total_count, 0,        497218

OP_WAIT_5_count, 0,         96635
OP_WAIT_5_total_count, 0,        289549

OP_WAIT_6_count, 0,         27657
OP_WAIT_6_total_count, 0,         80751

OP_WAIT_7_count, 0,         20914
OP_WAIT_7_total_count, 0,         63663

OP_WAIT_8_count, 0,         17964
OP_WAIT_8_total_count, 0,         54342

OP_WAIT_9_count, 0,         15139
OP_WAIT_9_total_count, 0,         43402

OP_WAIT_10_count, 0,          3684
OP_WAIT_10_total_count, 0,         10902

OP_WAIT_11_count, 0,          1137
OP_WAIT_11_total_count, 0,          3127

OP_WAIT_12_count, 0,          1151
OP_WAIT_12_total_count, 0,          3142

OP_WAIT_13_count, 0,          5159
OP_WAIT_13_total_count, 0,         15875

OP_WAIT_14_count, 0,         11695
OP_WAIT_14_total_count, 0,         33164

OP_WAIT_15_count, 0,          5061
OP_WAIT_15_total_count, 0,         15612

OP_WAIT_16_count, 0,            96
OP_WAIT_16_total_count, 0,           426

OP_WAIT_17_count, 0,          3206
OP_WAIT_17_total_count, 0,          9647

OP_WAIT_18_count, 0,          3149
OP_WAIT_18_total_count, 0,          9582

OP_WAIT_19_count, 0,            63
OP_WAIT_19_total_count, 0,           193

OP_WAIT_20_count, 0,          3087
OP_WAIT_20_total_count, 0,          8994

OP_WAIT_21_count, 0,          9282
OP_WAIT_21_total_count, 0,         26979

OP_WAIT_22_count, 0,          3112
OP_WAIT_22_total_count, 0,          9098

OP_WAIT_23_count, 0,            15
OP_WAIT_23_total_count, 0,            75

OP_WAIT_24_count, 0,            11
OP_WAIT_24_total_count, 0,            48

OP_WAIT_25_count, 0,         11975
OP_WAIT_25_total_count, 0,         35821

OP_WAIT_26_count, 0,          3006
OP_WAIT_26_total_count, 0,          9008

OP_WAIT_27_count, 0,          4717
OP_WAIT_27_total_count, 0,         13706

OP_WAIT_28_count, 0,          4642
OP_WAIT_28_total_count, 0,         13554

OP_WAIT_29_count, 0,          2590
OP_WAIT_29_total_count, 0,          7557

OP_WAIT_30_count, 0,          1083
OP_WAIT_30_total_count, 0,          3136

OP_WAIT_31_count, 0,        108037
OP_WAIT_31_total_count, 0,        319848

ROW_SIZE_0_count, 0,       1220223
ROW_SIZE_0_total_count, 0,       3732521

ROW_SIZE_1_count, 0,        304221
ROW_SIZE_1_total_count, 0,        915991

ROW_SIZE_2_count, 0,         30870
ROW_SIZE_2_total_count, 0,         94746

ROW_SIZE_3_count, 0,         53647
ROW_SIZE_3_total_count, 0,        162427

ROW_SIZE_4_count, 0,         39923
ROW_SIZE_4_total_count, 0,        120601

ROW_SIZE_5_count, 0,          7694
ROW_SIZE_5_total_count, 0,         23434

ROW_SIZE_6_count, 0,         30999
ROW_SIZE_6_total_count, 0,         91887

ROW_SIZE_7_count, 0,         30785
ROW_SIZE_7_total_count, 0,         92065

ROW_SIZE_8_count, 0,       1321024
ROW_SIZE_8_total_count, 0,       3962451

ROW_SIZE_9_count, 0,             0
ROW_SIZE_9_total_count, 0,             0

ROW_SIZE_10_count, 0,             0
ROW_SIZE_10_total_count, 0,             0

ROW_SIZE_11_count, 0,             0
ROW_SIZE_11_total_count, 0,             0

ROW_SIZE_12_count, 0,             0
ROW_SIZE_12_total_count, 0,             0

ROW_SIZE_13_count, 0,             0
ROW_SIZE_13_total_count, 0,             0

ROW_SIZE_14_count, 0,             0
ROW_SIZE_14_total_count, 0,             0

ROW_SIZE_15_count, 0,             0
ROW_SIZE_15_total_count, 0,             0

ROW_SIZE_16_count, 0,             0
ROW_SIZE_16_total_count, 0,             0

ROW_SIZE_17_count, 0,             0
ROW_SIZE_17_total_count, 0,             0

ROW_SIZE_18_count, 0,             0
ROW_SIZE_18_total_count, 0,             0

ROW_SIZE_19_count, 0,             0
ROW_SIZE_19_total_count, 0,             0

ROW_SIZE_20_count, 0,             0
ROW_SIZE_20_total_count, 0,             0

ROW_SIZE_21_count, 0,             0
ROW_SIZE_21_total_count, 0,             0

ROW_SIZE_22_count, 0,             0
ROW_SIZE_22_total_count, 0,             0

ROW_SIZE_23_count, 0,             0
ROW_SIZE_23_total_count, 0,             0

ROW_SIZE_24_count, 0,             0
ROW_SIZE_24_total_count, 0,             0

ROW_SIZE_25_count, 0,             0
ROW_SIZE_25_total_count, 0,             0

ROW_SIZE_26_count, 0,             0
ROW_SIZE_26_total_count, 0,             0

ROW_SIZE_27_count, 0,             0
ROW_SIZE_27_total_count, 0,             0

ROW_SIZE_28_count, 0,             0
ROW_SIZE_28_total_count, 0,             0

ROW_SIZE_29_count, 0,             0
ROW_SIZE_29_total_count, 0,             0

ROW_SIZE_30_count, 0,             0
ROW_SIZE_30_total_count, 0,             0

ROW_SIZE_31_count, 0,             0
ROW_SIZE_31_total_count, 0,             0

RET_OP_EXEC_COUNT_0_count, 416,             0
RET_OP_EXEC_COUNT_0_total_count, 416,             0

RET_OP_EXEC_COUNT_1_count, 416,      11694745
RET_OP_EXEC_COUNT_1_total_count, 416,      35087723

RET_OP_EXEC_COUNT_2_count, 416,             0
RET_OP_EXEC_COUNT_2_total_count, 416,             0

RET_OP_EXEC_COUNT_3_count, 416,             0
RET_OP_EXEC_COUNT_3_total_count, 416,             0

RET_OP_EXEC_COUNT_4_count, 416,             0
RET_OP_EXEC_COUNT_4_total_count, 416,             0

RET_OP_EXEC_COUNT_5_count, 416,             0
RET_OP_EXEC_COUNT_5_total_count, 416,             0

RET_OP_EXEC_COUNT_6_count, 416,             0
RET_OP_EXEC_COUNT_6_total_count, 416,             0

RET_OP_EXEC_COUNT_7_count, 416,             0
RET_OP_EXEC_COUNT_7_total_count, 416,             0

RET_OP_EXEC_COUNT_8_count, 416,             0
RET_OP_EXEC_COUNT_8_total_count, 416,             0

RET_OP_EXEC_COUNT_9_count, 416,             0
RET_OP_EXEC_COUNT_9_total_count, 416,             0

RET_OP_EXEC_COUNT_10_count, 416,             0
RET_OP_EXEC_COUNT_10_total_count, 416,             0

RET_OP_EXEC_COUNT_11_count, 416,             0
RET_OP_EXEC_COUNT_11_total_count, 416,             0

RET_OP_EXEC_COUNT_12_count, 416,             0
RET_OP_EXEC_COUNT_12_total_count, 416,             0

RET_OP_EXEC_COUNT_13_count, 416,             0
RET_OP_EXEC_COUNT_13_total_count, 416,             0

RET_OP_EXEC_COUNT_14_count, 416,             0
RET_OP_EXEC_COUNT_14_total_count, 416,             0

RET_OP_EXEC_COUNT_15_count, 416,             0
RET_OP_EXEC_COUNT_15_total_count, 416,             0

RET_OP_EXEC_COUNT_16_count, 416,             0
RET_OP_EXEC_COUNT_16_total_count, 416,             0

RET_OP_EXEC_COUNT_17_count, 416,             0
RET_OP_EXEC_COUNT_17_total_count, 416,             0

RET_OP_EXEC_COUNT_18_count, 416,             0
RET_OP_EXEC_COUNT_18_total_count, 416,             0

RET_OP_EXEC_COUNT_19_count, 416,             0
RET_OP_EXEC_COUNT_19_total_count, 416,             0

RET_OP_EXEC_COUNT_20_count, 416,             0
RET_OP_EXEC_COUNT_20_total_count, 416,             0

RET_OP_EXEC_COUNT_21_count, 416,             0
RET_OP_EXEC_COUNT_21_total_count, 416,             0

RET_OP_EXEC_COUNT_22_count, 416,             0
RET_OP_EXEC_COUNT_22_total_count, 416,             0

RET_OP_EXEC_COUNT_23_count, 416,             0
RET_OP_EXEC_COUNT_23_total_count, 416,             0

RET_OP_EXEC_COUNT_24_count, 416,             0
RET_OP_EXEC_COUNT_24_total_count, 416,             0

RET_OP_EXEC_COUNT_25_count, 416,             0
RET_OP_EXEC_COUNT_25_total_count, 416,             0

RET_OP_EXEC_COUNT_26_count, 416,             0
RET_OP_EXEC_COUNT_26_total_count, 416,             0

RET_OP_EXEC_COUNT_27_count, 416,             0
RET_OP_EXEC_COUNT_27_total_count, 416,             0

RET_OP_EXEC_COUNT_28_count, 416,             0
RET_OP_EXEC_COUNT_28_total_count, 416,             0

RET_OP_EXEC_COUNT_29_count, 416,             0
RET_OP_EXEC_COUNT_29_total_count, 416,             0

RET_OP_EXEC_COUNT_30_count, 416,             0
RET_OP_EXEC_COUNT_30_total_count, 416,             0

RET_OP_EXEC_COUNT_31_count, 416,             0
RET_OP_EXEC_COUNT_31_total_count, 416,             0

RET_OP_EXEC_COUNT_32_count, 416,             0
RET_OP_EXEC_COUNT_32_total_count, 416,             0

RET_STALL_LENGTH_0_count, 417,      11694732
RET_STALL_LENGTH_0_total_count, 417,      35087535

RET_STALL_LENGTH_100_count, 417,             6
RET_STALL_LENGTH_100_total_count, 417,            66

RET_STALL_LENGTH_200_count, 417,             3
RET_STALL_LENGTH_200_total_count, 417,            33

RET_STALL_LENGTH_300_count, 417,             4
RET_STALL_LENGTH_300_total_count, 417,            10

RET_STALL_LENGTH_400_count, 417,             0
RET_STALL_LENGTH_400_total_count, 417,             2

RET_STALL_LENGTH_500_count, 417,             0
RET_STALL_LENGTH_500_total_count, 417,             8

RET_STALL_LENGTH_600_count, 417,             0
RET_STALL_LENGTH_600_total_count, 417,            58

RET_STALL_LENGTH_700_count, 417,             0
RET_STALL_LENGTH_700_total_count, 417,             4

RET_STALL_LENGTH_800_count, 417,             0
RET_STALL_LENGTH_800_total_count, 417,             1

RET_STALL_LENGTH_900_count, 417,             0
RET_STALL_LENGTH_900_total_count, 417,             2

RET_STALL_LENGTH_1000_count, 417,             0
RET_STALL_LENGTH_1000_total_count, 417,             1

RET_STALL_LENGTH_1100_count, 417,             0
RET_STALL_LENGTH_1100_total_count, 417,             1

RET_STALL_LENGTH_1200_count, 417,             0
RET_STALL_LENGTH_1200_total_count, 417,             1

RET_STALL_LENGTH_1300_count, 417,             0
RET_STALL_LENGTH_1300_total_count, 417,             0

RET_STALL_LENGTH_1400_count, 417,             0
RET_STALL_LENGTH_1400_total_count, 417,             1

RET_STALL_LENGTH_1500_count, 417,             0
RET_STALL_LENGTH_1500_total_count, 417,             0

RET_STALL_LENGTH_1600_count, 417,             0
RET_STALL_LENGTH_1600_total_count, 417,             0

RET_STALL_LENGTH_1700_count, 417,             0
RET_STALL_LENGTH_1700_total_count, 417,             0

RET_STALL_LENGTH_1800_count, 417,             0
RET_STALL_LENGTH_1800_total_count, 417,             0

RET_STALL_LENGTH_1900_count, 417,             0
RET_STALL_LENGTH_1900_total_count, 417,             0

RET_STALL_LENGTH_2000_count, 417,             0
RET_STALL_LENGTH_2000_total_count, 417,             0

RET_STALL_LENGTH_2100_count, 417,             0
RET_STALL_LENGTH_2100_total_count, 417,             0

RET_STALL_LENGTH_2200_count, 417,             0
RET_STALL_LENGTH_2200_total_count, 417,             0

RET_STALL_LENGTH_2300_count, 417,             0
RET_STALL_LENGTH_2300_total_count, 417,             0

RET_STALL_LENGTH_2400_count, 417,             0
RET_STALL_LENGTH_2400_total_count, 417,             0

RET_STALL_LENGTH_2500_count, 417,             0
RET_STALL_LENGTH_2500_total_count, 417,             0

RET_STALL_LENGTH_2600_count, 417,             0
RET_STALL_LENGTH_2600_total_count, 417,             0

RET_STALL_LENGTH_2700_count, 417,             0
RET_STALL_LENGTH_2700_total_count, 417,             0

RET_STALL_LENGTH_2800_count, 417,             0
RET_STALL_LENGTH_2800_total_count, 417,             0

RET_STALL_LENGTH_2900_count, 417,             0
RET_STALL_LENGTH_2900_total_count, 417,             0

RET_STALL_LENGTH_3000_count, 417,             0
RET_STALL_LENGTH_3000_total_count, 417,             0

RET_STALL_LENGTH_3100_count, 417,             0
RET_STALL_LENGTH_3100_total_count, 417,             0

RET_STALL_LENGTH_3200_count, 417,             0
RET_STALL_LENGTH_3200_total_count, 417,             0

RET_STALL_LENGTH_3300_count, 417,             0
RET_STALL_LENGTH_3300_total_count, 417,             0

RET_STALL_LENGTH_3400_count, 417,             0
RET_STALL_LENGTH_3400_total_count, 417,             0

RET_STALL_LENGTH_3500_count, 417,             0
RET_STALL_LENGTH_3500_total_count, 417,             0

RET_STALL_LENGTH_3600_count, 417,             0
RET_STALL_LENGTH_3600_total_count, 417,             0

RET_STALL_LENGTH_3700_count, 417,             0
RET_STALL_LENGTH_3700_total_count, 417,             0

RET_STALL_LENGTH_3800_count, 417,             0
RET_STALL_LENGTH_3800_total_count, 417,             0

RET_STALL_LENGTH_3900_count, 417,             0
RET_STALL_LENGTH_3900_total_count, 417,             0

RET_STALL_LENGTH_4000_count, 417,             0
RET_STALL_LENGTH_4000_total_count, 417,             0

RET_STALL_LENGTH_4100_count, 417,             0
RET_STALL_LENGTH_4100_total_count, 417,             0

RET_STALL_LENGTH_4200_count, 417,             0
RET_STALL_LENGTH_4200_total_count, 417,             0

RET_STALL_LENGTH_4300_count, 417,             0
RET_STALL_LENGTH_4300_total_count, 417,             0

RET_STALL_LENGTH_4400_count, 417,             0
RET_STALL_LENGTH_4400_total_count, 417,             0

RET_STALL_LENGTH_4500_count, 417,             0
RET_STALL_LENGTH_4500_total_count, 417,             0

RET_STALL_LENGTH_4600_count, 417,             0
RET_STALL_LENGTH_4600_total_count, 417,             0

RET_STALL_LENGTH_4700_count, 417,             0
RET_STALL_LENGTH_4700_total_count, 417,             0

RET_STALL_LENGTH_4800_count, 417,             0
RET_STALL_LENGTH_4800_total_count, 417,             0

RET_STALL_LENGTH_4900_count, 417,             0
RET_STALL_LENGTH_4900_total_count, 417,             0

RET_STALL_LENGTH_5000_count, 417,             0
RET_STALL_LENGTH_5000_total_count, 417,             0

MEM_BLOCK_LENGTH_0_count, 418,            60
MEM_BLOCK_LENGTH_0_total_count, 418,           126

MEM_BLOCK_LENGTH_100_count, 418,             0
MEM_BLOCK_LENGTH_100_total_count, 418,             2

MEM_BLOCK_LENGTH_200_count, 418,             2
MEM_BLOCK_LENGTH_200_total_count, 418,             3

MEM_BLOCK_LENGTH_300_count, 418,             1
MEM_BLOCK_LENGTH_300_total_count, 418,             1

MEM_BLOCK_LENGTH_400_count, 418,             0
MEM_BLOCK_LENGTH_400_total_count, 418,             0

MEM_BLOCK_LENGTH_500_count, 418,             1
MEM_BLOCK_LENGTH_500_total_count, 418,             1

MEM_BLOCK_LENGTH_600_count, 418,             0
MEM_BLOCK_LENGTH_600_total_count, 418,             0

MEM_BLOCK_LENGTH_700_count, 418,             0
MEM_BLOCK_LENGTH_700_total_count, 418,             0

MEM_BLOCK_LENGTH_800_count, 418,             0
MEM_BLOCK_LENGTH_800_total_count, 418,             0

MEM_BLOCK_LENGTH_900_count, 418,             0
MEM_BLOCK_LENGTH_900_total_count, 418,             0

MEM_BLOCK_LENGTH_1000_count, 418,             0
MEM_BLOCK_LENGTH_1000_total_count, 418,             0

MEM_BLOCK_LENGTH_1100_count, 418,             0
MEM_BLOCK_LENGTH_1100_total_count, 418,             0

MEM_BLOCK_LENGTH_1200_count, 418,             0
MEM_BLOCK_LENGTH_1200_total_count, 418,             0

MEM_BLOCK_LENGTH_1300_count, 418,             0
MEM_BLOCK_LENGTH_1300_total_count, 418,             0

MEM_BLOCK_LENGTH_1400_count, 418,             0
MEM_BLOCK_LENGTH_1400_total_count, 418,             0

MEM_BLOCK_LENGTH_1500_count, 418,             0
MEM_BLOCK_LENGTH_1500_total_count, 418,             0

MEM_BLOCK_LENGTH_1600_count, 418,             0
MEM_BLOCK_LENGTH_1600_total_count, 418,             0

MEM_BLOCK_LENGTH_1700_count, 418,             0
MEM_BLOCK_LENGTH_1700_total_count, 418,             0

MEM_BLOCK_LENGTH_1800_count, 418,             0
MEM_BLOCK_LENGTH_1800_total_count, 418,             0

MEM_BLOCK_LENGTH_1900_count, 418,             0
MEM_BLOCK_LENGTH_1900_total_count, 418,             0

MEM_BLOCK_LENGTH_2000_count, 418,             0
MEM_BLOCK_LENGTH_2000_total_count, 418,             0

MEM_BLOCK_LENGTH_2100_count, 418,             0
MEM_BLOCK_LENGTH_2100_total_count, 418,             0

MEM_BLOCK_LENGTH_2200_count, 418,             0
MEM_BLOCK_LENGTH_2200_total_count, 418,             0

MEM_BLOCK_LENGTH_2300_count, 418,             0
MEM_BLOCK_LENGTH_2300_total_count, 418,             0

MEM_BLOCK_LENGTH_2400_count, 418,             0
MEM_BLOCK_LENGTH_2400_total_count, 418,             0

MEM_BLOCK_LENGTH_2500_count, 418,             0
MEM_BLOCK_LENGTH_2500_total_count, 418,             0

MEM_BLOCK_LENGTH_2600_count, 418,             0
MEM_BLOCK_LENGTH_2600_total_count, 418,             0

MEM_BLOCK_LENGTH_2700_count, 418,             0
MEM_BLOCK_LENGTH_2700_total_count, 418,             0

MEM_BLOCK_LENGTH_2800_count, 418,             0
MEM_BLOCK_LENGTH_2800_total_count, 418,             0

MEM_BLOCK_LENGTH_2900_count, 418,             0
MEM_BLOCK_LENGTH_2900_total_count, 418,             0

MEM_BLOCK_LENGTH_3000_count, 418,             0
MEM_BLOCK_LENGTH_3000_total_count, 418,             0

MEM_BLOCK_LENGTH_3100_count, 418,             0
MEM_BLOCK_LENGTH_3100_total_count, 418,             0

MEM_BLOCK_LENGTH_3200_count, 418,             0
MEM_BLOCK_LENGTH_3200_total_count, 418,             0

MEM_BLOCK_LENGTH_3300_count, 418,             0
MEM_BLOCK_LENGTH_3300_total_count, 418,             0

MEM_BLOCK_LENGTH_3400_count, 418,             0
MEM_BLOCK_LENGTH_3400_total_count, 418,             0

MEM_BLOCK_LENGTH_3500_count, 418,             0
MEM_BLOCK_LENGTH_3500_total_count, 418,             0

MEM_BLOCK_LENGTH_3600_count, 418,             0
MEM_BLOCK_LENGTH_3600_total_count, 418,             0

MEM_BLOCK_LENGTH_3700_count, 418,             0
MEM_BLOCK_LENGTH_3700_total_count, 418,             0

MEM_BLOCK_LENGTH_3800_count, 418,             0
MEM_BLOCK_LENGTH_3800_total_count, 418,             0

MEM_BLOCK_LENGTH_3900_count, 418,             0
MEM_BLOCK_LENGTH_3900_total_count, 418,             0

MEM_BLOCK_LENGTH_4000_count, 418,             0
MEM_BLOCK_LENGTH_4000_total_count, 418,             0

MEM_BLOCK_LENGTH_4100_count, 418,             0
MEM_BLOCK_LENGTH_4100_total_count, 418,             0

MEM_BLOCK_LENGTH_4200_count, 418,             0
MEM_BLOCK_LENGTH_4200_total_count, 418,             0

MEM_BLOCK_LENGTH_4300_count, 418,             0
MEM_BLOCK_LENGTH_4300_total_count, 418,             0

MEM_BLOCK_LENGTH_4400_count, 418,             0
MEM_BLOCK_LENGTH_4400_total_count, 418,             0

MEM_BLOCK_LENGTH_4500_count, 418,             0
MEM_BLOCK_LENGTH_4500_total_count, 418,             0

MEM_BLOCK_LENGTH_4600_count, 418,             0
MEM_BLOCK_LENGTH_4600_total_count, 418,             0

MEM_BLOCK_LENGTH_4700_count, 418,             0
MEM_BLOCK_LENGTH_4700_total_count, 418,             0

MEM_BLOCK_LENGTH_4800_count, 418,             0
MEM_BLOCK_LENGTH_4800_total_count, 418,             0

MEM_BLOCK_LENGTH_4900_count, 418,             0
MEM_BLOCK_LENGTH_4900_total_count, 418,             0

MEM_BLOCK_LENGTH_5000_count, 418,             0
MEM_BLOCK_LENGTH_5000_total_count, 418,             0

FUS_BUSY_ON_PATH_count, 0,      12294335
FUS_BUSY_ON_PATH_pct, 0,        4.044
FUS_BUSY_ON_PATH_total_count, 0,      36895650
FUS_BUSY_ON_PATH_total_pct, 0,        3.999

FUS_BUSY_OFF_PATH_count, 0,         11431
FUS_BUSY_OFF_PATH_pct, 0,        0.004
FUS_BUSY_OFF_PATH_total_count, 0,         77728
FUS_BUSY_OFF_PATH_total_pct, 0,        0.008

FU_BUSY_MEM_STALL_count, 0,         25724
FU_BUSY_MEM_STALL_pct, 0,        0.008
FU_BUSY_MEM_STALL_total_count, 0,         76544
FU_BUSY_MEM_STALL_total_pct, 0,        0.008

FUS_EMPTY_count, 0,      18092494
FUS_EMPTY_pct, 0,        5.952
FUS_EMPTY_total_count, 0,      55280632
FUS_EMPTY_total_pct, 0,        5.992

FU_UNAVAILABLE_count, 0,        347601
FU_UNAVAILABLE_pct, 0,        0.114
FU_UNAVAILABLE_total_count, 0,       1049839
FU_UNAVAILABLE_total_pct, 0,        0.114

FU_MEM_UNAVAILABLE_count, 0,          8332
FU_MEM_UNAVAILABLE_pct, 0,        0.003
FU_MEM_UNAVAILABLE_total_count, 0,         24414
FU_MEM_UNAVAILABLE_total_pct, 0,        0.003

FU_OTHER_UNAVAILABLE_count, 0,             0
FU_OTHER_UNAVAILABLE_pct, 0,        0.000
FU_OTHER_UNAVAILABLE_total_count, 0,             0
FU_OTHER_UNAVAILABLE_total_pct, 0,        0.000

FU_REPLAY_count, 0,             0
FU_REPLAY_pct, 0,        0.000
FU_REPLAY_total_count, 0,             0
FU_REPLAY_total_pct, 0,        0.000

FU_STARVED_count, 0,      18091466
FU_STARVED_pct, 0,        5.951
FU_STARVED_total_count, 0,      55274504
FU_STARVED_total_pct, 0,        5.992

CHIP_UTILIZATION_count, 0,             0
CHIP_UTILIZATION_pct, 0,        0.000
CHIP_UTILIZATION_total_count, 0,             0
CHIP_UTILIZATION_total_pct, 0,        0.000

CYCLES_UNDER_MEM_REQ_count, 0,             0
CYCLES_UNDER_MEM_REQ_total_count, 0,             0

CYCLES_UNDER_NO_MEM_REQ_count, 0,             0
CYCLES_UNDER_NO_MEM_REQ_total_count, 0,             0

CYCLES_UNDER_CRITICAL_MEM_REQ_count, 0,             0
CYCLES_UNDER_CRITICAL_MEM_REQ_total_count, 0,             0

CYCLES_UNDER_NONCRITICAL_MEM_REQ_count, 0,             0
CYCLES_UNDER_NONCRITICAL_MEM_REQ_total_count, 0,             0

CHIP_UTILIZATION_UNDER_MEM_REQ_count, 0,             0
CHIP_UTILIZATION_UNDER_MEM_REQ_pct, 0,         -nan
CHIP_UTILIZATION_UNDER_MEM_REQ_total_count, 0,             0
CHIP_UTILIZATION_UNDER_MEM_REQ_total_pct, 0,         -nan

CHIP_UTILIZATION_UNDER_NO_MEM_REQ_count, 0,             0
CHIP_UTILIZATION_UNDER_NO_MEM_REQ_pct, 0,         -nan
CHIP_UTILIZATION_UNDER_NO_MEM_REQ_total_count, 0,             0
CHIP_UTILIZATION_UNDER_NO_MEM_REQ_total_pct, 0,         -nan

CHIP_UTILIZATION_UNDER_CRITICAL_MEM_REQ_count, 0,             0
CHIP_UTILIZATION_UNDER_CRITICAL_MEM_REQ_pct, 0,         -nan
CHIP_UTILIZATION_UNDER_CRITICAL_MEM_REQ_total_count, 0,             0
CHIP_UTILIZATION_UNDER_CRITICAL_MEM_REQ_total_pct, 0,         -nan

CHIP_UTILIZATION_UNDER_NONCRITICAL_MEM_REQ_count, 0,             0
CHIP_UTILIZATION_UNDER_NONCRITICAL_MEM_REQ_pct, 0,         -nan
CHIP_UTILIZATION_UNDER_NONCRITICAL_MEM_REQ_total_count, 0,             0
CHIP_UTILIZATION_UNDER_NONCRITICAL_MEM_REQ_total_pct, 0,         -nan

CYCLES_NOT_WAITING_FOR_OFF_CHIP_count, 0,             0
CYCLES_NOT_WAITING_FOR_OFF_CHIP_pct, 0,        0.000
CYCLES_NOT_WAITING_FOR_OFF_CHIP_total_count, 0,             0
CYCLES_NOT_WAITING_FOR_OFF_CHIP_total_pct, 0,        0.000

FUS_BUSY_NOT_WAITING_FOR_OFF_CHIP_count, 0,             0
FUS_BUSY_NOT_WAITING_FOR_OFF_CHIP_pct, 0,         -nan
FUS_BUSY_NOT_WAITING_FOR_OFF_CHIP_total_count, 0,             0
FUS_BUSY_NOT_WAITING_FOR_OFF_CHIP_total_pct, 0,         -nan

CYCLES_WAITING_FOR_OFF_CHIP_count, 0,             0
CYCLES_WAITING_FOR_OFF_CHIP_pct, 0,        0.000
CYCLES_WAITING_FOR_OFF_CHIP_total_count, 0,             0
CYCLES_WAITING_FOR_OFF_CHIP_total_pct, 0,        0.000

FUS_BUSY_WAITING_FOR_OFF_CHIP_count, 0,             0
FUS_BUSY_WAITING_FOR_OFF_CHIP_pct, 0,         -nan
FUS_BUSY_WAITING_FOR_OFF_CHIP_total_count, 0,             0
FUS_BUSY_WAITING_FOR_OFF_CHIP_total_pct, 0,         -nan

TOTAL_OFF_CHIP_DELAYS_LEFT_count, 0,             0
TOTAL_OFF_CHIP_DELAYS_LEFT_total_count, 0,             0

WRONG_IO_SCHED_count, 0,             0
WRONG_IO_SCHED_total_count, 0,             0

DVFS_CONFIG_SWITCH_count, 0,             0
DVFS_CONFIG_SWITCH_total_count, 0,             0

MAP_STAGE_RECEIVED_OPS_0_count, 419,             0
MAP_STAGE_RECEIVED_OPS_0_total_count, 419,             0

MAP_STAGE_RECEIVED_OPS_1_count, 419,           209
MAP_STAGE_RECEIVED_OPS_1_total_count, 419,           999

MAP_STAGE_RECEIVED_OPS_2_count, 419,           109
MAP_STAGE_RECEIVED_OPS_2_total_count, 419,           795

MAP_STAGE_RECEIVED_OPS_3_count, 419,           144
MAP_STAGE_RECEIVED_OPS_3_total_count, 419,          1108

MAP_STAGE_RECEIVED_OPS_4_count, 419,           264
MAP_STAGE_RECEIVED_OPS_4_total_count, 419,          2112

MAP_STAGE_RECEIVED_OPS_5_count, 419,           205
MAP_STAGE_RECEIVED_OPS_5_total_count, 419,           918

MAP_STAGE_RECEIVED_OPS_6_count, 419,       1948506
MAP_STAGE_RECEIVED_OPS_6_total_count, 419,       5844304

MAP_STAGE_RECEIVED_OPS_7_count, 419,             0
MAP_STAGE_RECEIVED_OPS_7_total_count, 419,             0

MAP_STAGE_RECEIVED_OPS_8_count, 419,             0
MAP_STAGE_RECEIVED_OPS_8_total_count, 419,             0

MAP_STAGE_RECEIVED_OPS_MAX_count, 419,             0
MAP_STAGE_RECEIVED_OPS_MAX_total_count, 419,             0

MAP_STAGE_WAIT_FOR_DECODE_count, 420,             0
MAP_STAGE_WAIT_FOR_DECODE_total_count, 420,             0

MAP_STAGE_CONSUME_DECODE_count, 420,             0
MAP_STAGE_CONSUME_DECODE_total_count, 420,             0

MAP_STAGE_WAIT_FOR_DECODE2_count, 421,             0
MAP_STAGE_WAIT_FOR_DECODE2_total_count, 421,             0

MAP_STAGE_CONSUME_DECODE2_count, 421,             0
MAP_STAGE_CONSUME_DECODE2_total_count, 421,             0

FTQ_RECOVER_EXEC_count, 0,           174
FTQ_RECOVER_EXEC_total_count, 0,          1272

FTQ_RECOVER_DECODE_count, 0,             0
FTQ_RECOVER_DECODE_total_count, 0,           225

FTQ_OFFPATH_CYCLES_count, 0,         30117
FTQ_OFFPATH_CYCLES_total_count, 0,        155160

FTQ_CYCLES_OFFPATH_count, 0,         30117
FTQ_CYCLES_OFFPATH_total_count, 0,        155160

FTQ_CYCLES_ONPATH_count, 0,       3009709
FTQ_CYCLES_ONPATH_total_count, 0,       9070241

FTQ_FETCHED_INS_ONPATH_count, 0,      11693986
FTQ_FETCHED_INS_ONPATH_total_count, 0,      35087723

FTQ_FETCHED_INS_OFFPATH_count, 0,        115502
FTQ_FETCHED_INS_OFFPATH_total_count, 0,        719282

FTQ_BREAK_FULL_FT_ONPATH_count, 0,       2996657
FTQ_BREAK_FULL_FT_ONPATH_total_count, 0,       9025289

FTQ_BREAK_FULL_FT_OFFPATH_count, 0,         23855
FTQ_BREAK_FULL_FT_OFFPATH_total_count, 0,        105331

FTQ_BREAK_PRED_BR_ONPATH_count, 0,             0
FTQ_BREAK_PRED_BR_ONPATH_total_count, 0,             0

FTQ_BREAK_PRED_BR_OFFPATH_count, 0,             0
FTQ_BREAK_PRED_BR_OFFPATH_total_count, 0,             0

FTQ_BREAK_BAR_FETCH_ONPATH_count, 0,             0
FTQ_BREAK_BAR_FETCH_ONPATH_total_count, 0,             0

FTQ_BREAK_BAR_FETCH_OFFPATH_count, 0,             0
FTQ_BREAK_BAR_FETCH_OFFPATH_total_count, 0,             0

FTQ_BREAK_MAX_CFS_TAKEN_ONPATH_count, 0,             0
FTQ_BREAK_MAX_CFS_TAKEN_ONPATH_total_count, 0,             0

FTQ_BREAK_MAX_CFS_TAKEN_OFFPATH_count, 0,             0
FTQ_BREAK_MAX_CFS_TAKEN_OFFPATH_total_count, 0,             0

FTQ_BREAK_MAX_FT_ONPATH_count, 0,         12835
FTQ_BREAK_MAX_FT_ONPATH_total_count, 0,         44735

FTQ_BREAK_MAX_FT_OFFPATH_count, 0,          6262
FTQ_BREAK_MAX_FT_OFFPATH_total_count, 0,         49829

DFE_GEN_ON_PATH_FT_count, 0,       1119202
DFE_GEN_ON_PATH_FT_total_count, 0,       3363671

DFE_GEN_OFF_PATH_FT_count, 0,         12934
DFE_GEN_OFF_PATH_FT_total_count, 0,         69378

DFE_L0_ENABLED_PREDICTIONS_count, 0,      11693986
DFE_L0_ENABLED_PREDICTIONS_total_count, 0,      35087723

DFE_L0_WRONG_MAIN_CORRECT_count, 0,           906
DFE_L0_WRONG_MAIN_CORRECT_total_count, 0,          4070

DFE_L0_WRONG_MAIN_WRONG_count, 0,           175
DFE_L0_WRONG_MAIN_WRONG_total_count, 0,          1350

DFE_L0_CORRECT_MAIN_WRONG_count, 0,             0
DFE_L0_CORRECT_MAIN_WRONG_total_count, 0,           148

DFE_L0_CORRECT_MAIN_CORRECT_count, 0,      11692905
DFE_L0_CORRECT_MAIN_CORRECT_total_count, 0,      35082155

DFE_L0_WRONG_MAIN_CORRECT_RECOVERY_SCHEDULED_count, 0,             0
DFE_L0_WRONG_MAIN_CORRECT_RECOVERY_SCHEDULED_total_count, 0,             0

FTQ_SAW_BAR_FETCH_OFFPATH_count, 0,            22
FTQ_SAW_BAR_FETCH_OFFPATH_total_count, 0,           226

FTQ_SAW_BAR_FETCH_ONPATH_count, 0,            66
FTQ_SAW_BAR_FETCH_ONPATH_total_count, 0,           255

DFE_CONF_0_RECOVER_AT_EXEC_count, 422,             0
DFE_CONF_0_RECOVER_AT_EXEC_total_count, 422,             0

DFE_CONF_1_RECOVER_AT_EXEC_count, 422,             0
DFE_CONF_1_RECOVER_AT_EXEC_total_count, 422,             0

DFE_CONF_2_RECOVER_AT_EXEC_count, 422,             0
DFE_CONF_2_RECOVER_AT_EXEC_total_count, 422,             0

DFE_CONF_3_RECOVER_AT_EXEC_count, 422,             0
DFE_CONF_3_RECOVER_AT_EXEC_total_count, 422,             0

DFE_CONF_0_CORRECT_count, 422,             0
DFE_CONF_0_CORRECT_total_count, 422,             0

DFE_CONF_1_CORRECT_count, 422,             0
DFE_CONF_1_CORRECT_total_count, 422,             0

DFE_CONF_2_CORRECT_count, 422,             0
DFE_CONF_2_CORRECT_total_count, 422,             0

DFE_CONF_3_CORRECT_count, 422,             0
DFE_CONF_3_CORRECT_total_count, 422,             0

DFE_ON_CONF_ON_OPS_count, 423,             0
DFE_ON_CONF_ON_OPS_total_count, 423,             0

DFE_ON_CONF_OFF_OPS_count, 423,             0
DFE_ON_CONF_OFF_OPS_total_count, 423,             0

DFE_OFF_CONF_ON_OPS_count, 423,             0
DFE_OFF_CONF_ON_OPS_total_count, 423,             0

DFE_OFF_CONF_OFF_REALISTIC_OPS_count, 423,             0
DFE_OFF_CONF_OFF_REALISTIC_OPS_total_count, 423,             0

DFE_OFF_CONF_OFF_PERFECT_OPS_count, 423,             0
DFE_OFF_CONF_OFF_PERFECT_OPS_total_count, 423,             0

DFE_ON_CONF_ON_FETCH_TARGETS_count, 424,             0
DFE_ON_CONF_ON_FETCH_TARGETS_total_count, 424,             0

DFE_ON_CONF_OFF_FETCH_TARGETS_count, 424,             0
DFE_ON_CONF_OFF_FETCH_TARGETS_total_count, 424,             0

DFE_OFF_CONF_ON_FETCH_TARGETS_count, 424,             0
DFE_OFF_CONF_ON_FETCH_TARGETS_total_count, 424,             0

DFE_OFF_CONF_OFF_REALISTIC_FETCH_TARGETS_count, 424,             0
DFE_OFF_CONF_OFF_REALISTIC_FETCH_TARGETS_total_count, 424,             0

DFE_OFF_CONF_OFF_PERFECT_FETCH_TARGETS_count, 424,             0
DFE_OFF_CONF_OFF_PERFECT_FETCH_TARGETS_total_count, 424,             0

DFE_ON_CONF_ON_CYCLES_count, 425,             0
DFE_ON_CONF_ON_CYCLES_total_count, 425,             0

DFE_ON_CONF_OFF_CYCLES_count, 425,             0
DFE_ON_CONF_OFF_CYCLES_total_count, 425,             0

DFE_OFF_CONF_ON_CYCLES_count, 425,             0
DFE_OFF_CONF_ON_CYCLES_total_count, 425,             0

DFE_OFF_CONF_OFF_REALISTIC_CYCLES_count, 425,             0
DFE_OFF_CONF_OFF_REALISTIC_CYCLES_total_count, 425,             0

DFE_OFF_CONF_OFF_PERFECT_CYCLES_count, 425,             0
DFE_OFF_CONF_OFF_PERFECT_CYCLES_total_count, 425,             0

DFE_OFF_CONF_ON_NUM_EVENTS_count, 0,             0
DFE_OFF_CONF_ON_NUM_EVENTS_total_count, 0,             0

DFE_OFF_CONF_ON_NOT_IDENTIFIED_EVENTS_count, 426,             0
DFE_OFF_CONF_ON_NOT_IDENTIFIED_EVENTS_total_count, 426,             0

DFE_OFF_CONF_ON_IBTB_MISS_EVENTS_count, 426,             0
DFE_OFF_CONF_ON_IBTB_MISS_EVENTS_total_count, 426,             0

DFE_OFF_CONF_ON_BTB_MISS_EVENTS_count, 426,             0
DFE_OFF_CONF_ON_BTB_MISS_EVENTS_total_count, 426,             0

DFE_OFF_CONF_ON_BTB_MISS_RECOVER_AT_EXEC_EVENTS_count, 426,             0
DFE_OFF_CONF_ON_BTB_MISS_RECOVER_AT_EXEC_EVENTS_total_count, 426,             0

DFE_OFF_CONF_ON_RECOVER_AT_EXEC_EVENTS_count, 426,             0
DFE_OFF_CONF_ON_RECOVER_AT_EXEC_EVENTS_total_count, 426,             0

DFE_OFF_CONF_ON_RECOVER_AT_DECODE_EVENTS_count, 426,             0
DFE_OFF_CONF_ON_RECOVER_AT_DECODE_EVENTS_total_count, 426,             0

DFE_OFF_CONF_ON_LATE_BTB_HIT_EVENTS_count, 0,             0
DFE_OFF_CONF_ON_LATE_BTB_HIT_EVENTS_total_count, 0,             0

DFE_OFF_CONF_ON_NOT_IDENTIFIED_CYCLES_count, 427,             0
DFE_OFF_CONF_ON_NOT_IDENTIFIED_CYCLES_total_count, 427,             0

DFE_OFF_CONF_ON_IBTB_MISS_CYCLES_count, 427,             0
DFE_OFF_CONF_ON_IBTB_MISS_CYCLES_total_count, 427,             0

DFE_OFF_CONF_ON_BTB_MISS_CYCLES_count, 427,             0
DFE_OFF_CONF_ON_BTB_MISS_CYCLES_total_count, 427,             0

DFE_OFF_CONF_ON_BTB_MISS_RECOVER_AT_EXEC_CYCLES_count, 427,             0
DFE_OFF_CONF_ON_BTB_MISS_RECOVER_AT_EXEC_CYCLES_total_count, 427,             0

DFE_OFF_CONF_ON_RECOVER_AT_EXEC_CYCLES_count, 427,             0
DFE_OFF_CONF_ON_RECOVER_AT_EXEC_CYCLES_total_count, 427,             0

DFE_OFF_CONF_ON_RECOVER_AT_DECODE_CYCLES_count, 427,             0
DFE_OFF_CONF_ON_RECOVER_AT_DECODE_CYCLES_total_count, 427,             0

DFE_OFF_CONF_ON_LATE_BTB_HIT_CYCLES_count, 0,             0
DFE_OFF_CONF_ON_LATE_BTB_HIT_CYCLES_total_count, 0,             0

DFE_OFF_CONF_ON_NOT_IDENTIFIED_FETCH_TARGETS_count, 428,             0
DFE_OFF_CONF_ON_NOT_IDENTIFIED_FETCH_TARGETS_total_count, 428,             0

DFE_OFF_CONF_ON_IBTB_MISS_FETCH_TARGETS_count, 428,             0
DFE_OFF_CONF_ON_IBTB_MISS_FETCH_TARGETS_total_count, 428,             0

DFE_OFF_CONF_ON_BTB_MISS_FETCH_TARGETS_count, 428,             0
DFE_OFF_CONF_ON_BTB_MISS_FETCH_TARGETS_total_count, 428,             0

DFE_OFF_CONF_ON_BTB_MISS_RECOVER_AT_EXEC_FETCH_TARGETS_count, 428,             0
DFE_OFF_CONF_ON_BTB_MISS_RECOVER_AT_EXEC_FETCH_TARGETS_total_count, 428,             0

DFE_OFF_CONF_ON_RECOVER_AT_EXEC_FETCH_TARGETS_count, 428,             0
DFE_OFF_CONF_ON_RECOVER_AT_EXEC_FETCH_TARGETS_total_count, 428,             0

DFE_OFF_CONF_ON_RECOVER_AT_DECODE_FETCH_TARGETS_count, 428,             0
DFE_OFF_CONF_ON_RECOVER_AT_DECODE_FETCH_TARGETS_total_count, 428,             0

DFE_OFF_CONF_ON_LATE_BTB_HIT_FETCH_TARGETS_count, 0,             0
DFE_OFF_CONF_ON_LATE_BTB_HIT_FETCH_TARGETS_total_count, 0,             0

DFE_OFF_CONF_ON_BP_INCORRECT_0_CONF_count, 429,             0
DFE_OFF_CONF_ON_BP_INCORRECT_0_CONF_total_count, 429,             0

DFE_OFF_CONF_ON_BP_INCORRECT_1_CONF_count, 429,             0
DFE_OFF_CONF_ON_BP_INCORRECT_1_CONF_total_count, 429,             0

DFE_OFF_CONF_ON_BP_INCORRECT_2_CONF_count, 429,             0
DFE_OFF_CONF_ON_BP_INCORRECT_2_CONF_total_count, 429,             0

DFE_OFF_CONF_ON_BP_INCORRECT_3_CONF_count, 429,             0
DFE_OFF_CONF_ON_BP_INCORRECT_3_CONF_total_count, 429,             0

DFE_OFF_CONF_ON_BTB_MISS_CBR_0_CONF_count, 430,             0
DFE_OFF_CONF_ON_BTB_MISS_CBR_0_CONF_total_count, 430,             0

DFE_OFF_CONF_ON_BTB_MISS_CBR_1_CONF_count, 430,             0
DFE_OFF_CONF_ON_BTB_MISS_CBR_1_CONF_total_count, 430,             0

DFE_OFF_CONF_ON_BTB_MISS_CBR_2_CONF_count, 430,             0
DFE_OFF_CONF_ON_BTB_MISS_CBR_2_CONF_total_count, 430,             0

DFE_OFF_CONF_ON_BTB_MISS_CBR_3_CONF_count, 430,             0
DFE_OFF_CONF_ON_BTB_MISS_CBR_3_CONF_total_count, 430,             0

DFE_OFF_CONF_ON_BTB_MISS_NOT_CF_count, 431,             0
DFE_OFF_CONF_ON_BTB_MISS_NOT_CF_total_count, 431,             0

DFE_OFF_CONF_ON_BTB_MISS_CF_BR_count, 431,             0
DFE_OFF_CONF_ON_BTB_MISS_CF_BR_total_count, 431,             0

DFE_OFF_CONF_ON_BTB_MISS_CF_CBR_count, 431,             0
DFE_OFF_CONF_ON_BTB_MISS_CF_CBR_total_count, 431,             0

DFE_OFF_CONF_ON_BTB_MISS_CF_CALL_count, 431,             0
DFE_OFF_CONF_ON_BTB_MISS_CF_CALL_total_count, 431,             0

DFE_OFF_CONF_ON_BTB_MISS_CF_IBR_count, 431,             0
DFE_OFF_CONF_ON_BTB_MISS_CF_IBR_total_count, 431,             0

DFE_OFF_CONF_ON_BTB_MISS_CF_ICALL_count, 431,             0
DFE_OFF_CONF_ON_BTB_MISS_CF_ICALL_total_count, 431,             0

DFE_OFF_CONF_ON_BTB_MISS_CF_ICO_count, 431,             0
DFE_OFF_CONF_ON_BTB_MISS_CF_ICO_total_count, 431,             0

DFE_OFF_CONF_ON_BTB_MISS_CF_RET_count, 431,             0
DFE_OFF_CONF_ON_BTB_MISS_CF_RET_total_count, 431,             0

DFE_OFF_CONF_ON_BTB_MISS_CF_SYS_count, 431,             0
DFE_OFF_CONF_ON_BTB_MISS_CF_SYS_total_count, 431,             0

DFE_ON_CONF_OFF_NUM_EVENTS_count, 0,             0
DFE_ON_CONF_OFF_NUM_EVENTS_total_count, 0,             0

CONF_BTB_NUM_CYCLES_OFF_PATH_EVENT_count, 0,             0
CONF_BTB_NUM_CYCLES_OFF_PATH_EVENT_total_count, 0,             0

DFE_ON_CONF_OFF_IBTB_MISS_BP_TAKEN_count, 432,             0
DFE_ON_CONF_OFF_IBTB_MISS_BP_TAKEN_total_count, 432,             0

DFE_ON_CONF_OFF_BTB_MISS_BP_TAKEN_CONF_0_count, 432,             0
DFE_ON_CONF_OFF_BTB_MISS_BP_TAKEN_CONF_0_total_count, 432,             0

DFE_ON_CONF_OFF_BTB_MISS_BP_TAKEN_CONF_1_count, 432,             0
DFE_ON_CONF_OFF_BTB_MISS_BP_TAKEN_CONF_1_total_count, 432,             0

DFE_ON_CONF_OFF_BTB_MISS_BP_TAKEN_CONF_2_count, 432,             0
DFE_ON_CONF_OFF_BTB_MISS_BP_TAKEN_CONF_2_total_count, 432,             0

DFE_ON_CONF_OFF_BTB_MISS_BP_TAKEN_CONF_3_count, 432,             0
DFE_ON_CONF_OFF_BTB_MISS_BP_TAKEN_CONF_3_total_count, 432,             0

DFE_ON_CONF_OFF_BTB_MISS_RATE_count, 432,             0
DFE_ON_CONF_OFF_BTB_MISS_RATE_total_count, 432,             0

DFE_ON_CONF_OFF_IBTB_MISS_RATE_count, 432,             0
DFE_ON_CONF_OFF_IBTB_MISS_RATE_total_count, 432,             0

DFE_ON_CONF_OFF_RECOVER_AT_DECODE_RATE_count, 432,             0
DFE_ON_CONF_OFF_RECOVER_AT_DECODE_RATE_total_count, 432,             0

DFE_ON_CONF_OFF_RECOVER_AT_EXEC_RATE_count, 432,             0
DFE_ON_CONF_OFF_RECOVER_AT_EXEC_RATE_total_count, 432,             0

DFE_ON_CONF_OFF_INV_CONF_INC_count, 432,             0
DFE_ON_CONF_OFF_INV_CONF_INC_total_count, 432,             0

DFE_ON_CONF_OFF_PERFECT_CONF_count, 432,             0
DFE_ON_CONF_OFF_PERFECT_CONF_total_count, 432,             0

DFE_ON_CONF_OFF_IBTB_MISS_BP_TAKEN_CYCLES_count, 433,             0
DFE_ON_CONF_OFF_IBTB_MISS_BP_TAKEN_CYCLES_total_count, 433,             0

DFE_ON_CONF_OFF_BTB_MISS_BP_TAKEN_CONF_0_CYCLES_count, 433,             0
DFE_ON_CONF_OFF_BTB_MISS_BP_TAKEN_CONF_0_CYCLES_total_count, 433,             0

DFE_ON_CONF_OFF_BTB_MISS_BP_TAKEN_CONF_1_CYCLES_count, 433,             0
DFE_ON_CONF_OFF_BTB_MISS_BP_TAKEN_CONF_1_CYCLES_total_count, 433,             0

DFE_ON_CONF_OFF_BTB_MISS_BP_TAKEN_CONF_2_CYCLES_count, 433,             0
DFE_ON_CONF_OFF_BTB_MISS_BP_TAKEN_CONF_2_CYCLES_total_count, 433,             0

DFE_ON_CONF_OFF_BTB_MISS_BP_TAKEN_CONF_3_CYCLES_count, 433,             0
DFE_ON_CONF_OFF_BTB_MISS_BP_TAKEN_CONF_3_CYCLES_total_count, 433,             0

DFE_ON_CONF_OFF_BTB_MISS_RATE_CYCLES_count, 433,             0
DFE_ON_CONF_OFF_BTB_MISS_RATE_CYCLES_total_count, 433,             0

DFE_ON_CONF_OFF_IBTB_MISS_RATE_CYCLES_count, 433,             0
DFE_ON_CONF_OFF_IBTB_MISS_RATE_CYCLES_total_count, 433,             0

DFE_ON_CONF_OFF_RECOVER_AT_DECODE_RATE_CYCLES_count, 433,             0
DFE_ON_CONF_OFF_RECOVER_AT_DECODE_RATE_CYCLES_total_count, 433,             0

DFE_ON_CONF_OFF_RECOVER_AT_EXEC_RATE_CYCLES_count, 433,             0
DFE_ON_CONF_OFF_RECOVER_AT_EXEC_RATE_CYCLES_total_count, 433,             0

DFE_ON_CONF_OFF_INV_CONF_INC_CYCLES_count, 433,             0
DFE_ON_CONF_OFF_INV_CONF_INC_CYCLES_total_count, 433,             0

DFE_ON_CONF_OFF_PERFECT_CONF_CYCLES_count, 433,             0
DFE_ON_CONF_OFF_PERFECT_CONF_CYCLES_total_count, 433,             0

DFE_ON_CONF_OFF_IBTB_MISS_BP_TAKEN_FETCH_TARGETS_count, 434,             0
DFE_ON_CONF_OFF_IBTB_MISS_BP_TAKEN_FETCH_TARGETS_total_count, 434,             0

DFE_ON_CONF_OFF_BTB_MISS_BP_TAKEN_CONF_0_FETCH_TARGETS_count, 434,             0
DFE_ON_CONF_OFF_BTB_MISS_BP_TAKEN_CONF_0_FETCH_TARGETS_total_count, 434,             0

DFE_ON_CONF_OFF_BTB_MISS_BP_TAKEN_CONF_1_FETCH_TARGETS_count, 434,             0
DFE_ON_CONF_OFF_BTB_MISS_BP_TAKEN_CONF_1_FETCH_TARGETS_total_count, 434,             0

DFE_ON_CONF_OFF_BTB_MISS_BP_TAKEN_CONF_2_FETCH_TARGETS_count, 434,             0
DFE_ON_CONF_OFF_BTB_MISS_BP_TAKEN_CONF_2_FETCH_TARGETS_total_count, 434,             0

DFE_ON_CONF_OFF_BTB_MISS_BP_TAKEN_CONF_3_FETCH_TARGETS_count, 434,             0
DFE_ON_CONF_OFF_BTB_MISS_BP_TAKEN_CONF_3_FETCH_TARGETS_total_count, 434,             0

DFE_ON_CONF_OFF_BTB_MISS_RATE_FETCH_TARGETS_count, 434,             0
DFE_ON_CONF_OFF_BTB_MISS_RATE_FETCH_TARGETS_total_count, 434,             0

DFE_ON_CONF_OFF_IBTB_MISS_RATE_FETCH_TARGETS_count, 434,             0
DFE_ON_CONF_OFF_IBTB_MISS_RATE_FETCH_TARGETS_total_count, 434,             0

DFE_ON_CONF_OFF_RECOVER_AT_DECODE_RATE_FETCH_TARGETS_count, 434,             0
DFE_ON_CONF_OFF_RECOVER_AT_DECODE_RATE_FETCH_TARGETS_total_count, 434,             0

DFE_ON_CONF_OFF_RECOVER_AT_EXEC_RATE_FETCH_TARGETS_count, 434,             0
DFE_ON_CONF_OFF_RECOVER_AT_EXEC_RATE_FETCH_TARGETS_total_count, 434,             0

DFE_ON_CONF_OFF_INV_CONF_INC_FETCH_TARGETS_count, 434,             0
DFE_ON_CONF_OFF_INV_CONF_INC_FETCH_TARGETS_total_count, 434,             0

DFE_ON_CONF_OFF_PERFECT_CONF_FETCH_TARGETS_count, 434,             0
DFE_ON_CONF_OFF_PERFECT_CONF_FETCH_TARGETS_total_count, 434,             0

CONF_OFF_IBTB_MISS_BP_TAKEN_count, 435,             0
CONF_OFF_IBTB_MISS_BP_TAKEN_total_count, 435,             0

CONF_OFF_BTB_MISS_BP_TAKEN_CONF_0_count, 435,             0
CONF_OFF_BTB_MISS_BP_TAKEN_CONF_0_total_count, 435,             0

CONF_OFF_BTB_MISS_BP_TAKEN_CONF_1_count, 435,             0
CONF_OFF_BTB_MISS_BP_TAKEN_CONF_1_total_count, 435,             0

CONF_OFF_BTB_MISS_BP_TAKEN_CONF_2_count, 435,             0
CONF_OFF_BTB_MISS_BP_TAKEN_CONF_2_total_count, 435,             0

CONF_OFF_BTB_MISS_BP_TAKEN_CONF_3_count, 435,             0
CONF_OFF_BTB_MISS_BP_TAKEN_CONF_3_total_count, 435,             0

CONF_OFF_BTB_MISS_RATE_count, 435,             0
CONF_OFF_BTB_MISS_RATE_total_count, 435,             0

CONF_OFF_IBTB_MISS_RATE_count, 435,             0
CONF_OFF_IBTB_MISS_RATE_total_count, 435,             0

CONF_OFF_RECOVER_AT_DECODE_RATE_count, 435,             0
CONF_OFF_RECOVER_AT_DECODE_RATE_total_count, 435,             0

CONF_OFF_RECOVER_AT_EXEC_RATE_count, 435,             0
CONF_OFF_RECOVER_AT_EXEC_RATE_total_count, 435,             0

CONF_OFF_INV_CONF_INC_count, 435,             0
CONF_OFF_INV_CONF_INC_total_count, 435,             0

CONF_OFF_PERFECT_CONF_count, 435,             0
CONF_OFF_PERFECT_CONF_total_count, 435,             0

TOPDOWN_TOTAL_SLOTS_count, 0,      18238956
TOPDOWN_TOTAL_SLOTS_total_count, 0,      55352406

TOPDOWN_ISSUED_SLOTS_count, 0,      11729919
TOPDOWN_ISSUED_SLOTS_total_count, 0,      35280254

TOPDOWN_RETIRED_SLOTS_count, 0,      11694415
TOPDOWN_RETIRED_SLOTS_total_count, 0,      35087723

TOPDOWN_FETCH_BUBBLES_SLOTS_count, 0,         11864
TOPDOWN_FETCH_BUBBLES_SLOTS_total_count, 0,        255795

TOPDOWN_RECOVERY_BUBBLES_SLOTS_count, 0,          5047
TOPDOWN_RECOVERY_BUBBLES_SLOTS_total_count, 0,         36805

TOPDOWN_MEM_LOAD_STALLS_CYCLES_count, 0,       1081890
TOPDOWN_MEM_LOAD_STALLS_CYCLES_total_count, 0,       3295149

TOPDOWN_MEM_STORE_STALLS_CYCLES_count, 0,             0
TOPDOWN_MEM_STORE_STALLS_CYCLES_total_count, 0,             0

TOPDOWN_EXEC_STALLS_CYCLES_count, 0,        387910
TOPDOWN_EXEC_STALLS_CYCLES_total_count, 0,       1226697

TOPDOWN_BACKEND_STALLS_CYCLES_count, 0,       1081890
TOPDOWN_BACKEND_STALLS_CYCLES_total_count, 0,       3295856

TOPDOWN_FETCH_BUBBLES_GT_MIW_CYCLES_count, 0,          1634
TOPDOWN_FETCH_BUBBLES_GT_MIW_CYCLES_total_count, 0,         39443

TOPDOWN_BR_RECOVER_AT_EXEC_RETIRED_CYCLES_count, 0,           174
TOPDOWN_BR_RECOVER_AT_EXEC_RETIRED_CYCLES_total_count, 0,          1272

TOPDOWN_MACHINE_CLEAR_CYCLES_count, 0,          1080
TOPDOWN_MACHINE_CLEAR_CYCLES_total_count, 0,          5567

TOPDOWN_FRONTEND_BOUND_count, 0,             6
TOPDOWN_FRONTEND_BOUND_total_count, 0,             6

TOPDOWN_BACKEND_BOUND_count, 0,          3561
TOPDOWN_BACKEND_BOUND_total_count, 0,          3561

TOPDOWN_BAD_SPEC_BOUND_count, 0,            22
TOPDOWN_BAD_SPEC_BOUND_total_count, 0,            22

TOPDOWN_RETIRING_BOUND_count, 0,          6411
TOPDOWN_RETIRING_BOUND_total_count, 0,          6411

TOPDOWN_FETCH_LATENCY_BOUND_count, 0,             5
TOPDOWN_FETCH_LATENCY_BOUND_total_count, 0,             5

TOPDOWN_FETCH_BANDWIDTH_BOUND_count, 0,             1
TOPDOWN_FETCH_BANDWIDTH_BOUND_total_count, 0,             1

TOPDOWN_MEM_BOUND_count, 0,          3561
TOPDOWN_MEM_BOUND_total_count, 0,          3561

TOPDOWN_CORE_BOUND_count, 0,             0
TOPDOWN_CORE_BOUND_total_count, 0,             0

TOPDOWN_BR_RECOVER_AT_EXEC_BOUND_count, 0,             3
TOPDOWN_BR_RECOVER_AT_EXEC_BOUND_total_count, 0,             3

TOPDOWN_MACHINE_CLEARS_BOUND_count, 0,            19
TOPDOWN_MACHINE_CLEARS_BOUND_total_count, 0,            19

H2P_SEEN_MAIN_count, 0,             0
H2P_SEEN_MAIN_total_count, 0,             0



